-9.5000000000e-01 9.5000000000e-01 4.6194450373e-03
-9.0000000000e-01 9.5000000000e-01 7.9811089228e-03
-8.5000000000e-01 9.5000000000e-01 1.0572568680e-02
-8.0000000000e-01 9.5000000000e-01 1.2618794795e-02
-7.5000000000e-01 9.5000000000e-01 1.4238834870e-02
-7.0000000000e-01 9.5000000000e-01 1.5502498493e-02
-6.5000000000e-01 9.5000000000e-01 1.6452608133e-02
-6.0000000000e-01 9.5000000000e-01 1.7117057162e-02
-5.5000000000e-01 9.5000000000e-01 1.7514052239e-02
-5.0000000000e-01 9.5000000000e-01 1.7651103574e-02
-4.5000000000e-01 9.5000000000e-01 1.7532839941e-02
-4.0000000000e-01 9.5000000000e-01 1.7154461634e-02
-3.5000000000e-01 9.5000000000e-01 1.6506263977e-02
-3.0000000000e-01 9.5000000000e-01 1.5571544299e-02
-2.5000000000e-01 9.5000000000e-01 1.4320842461e-02
-2.0000000000e-01 9.5000000000e-01 1.2711564847e-02
-1.5000000000e-01 9.5000000000e-01 1.0674061923e-02
-1.0000000000e-01 9.5000000000e-01 8.0892453233e-03
-5.0000000000e-02 9.5000000000e-01 4.7342510777e-03
5.5511151231e-17 9.5000000000e-01 1.2303517081e-04
5.0000000000e-02 9.5000000000e-01 1.1123958619e-04
1.0000000000e-01 9.5000000000e-01 1.0205405459e-04
1.5000000000e-01 9.5000000000e-01 9.4259448044e-05
2.0000000000e-01 9.5000000000e-01 8.7297476515e-05
2.5000000000e-01 9.5000000000e-01 8.0881924847e-05
3.0000000000e-01 9.5000000000e-01 7.4821367106e-05
3.5000000000e-01 9.5000000000e-01 6.9029632590e-05
4.0000000000e-01 9.5000000000e-01 6.3407063131e-05
4.5000000000e-01 9.5000000000e-01 5.7917719985e-05
5.0000000000e-01 9.5000000000e-01 5.2520667434e-05
5.5000000000e-01 9.5000000000e-01 4.7178848143e-05
6.0000000000e-01 9.5000000000e-01 4.1886247076e-05
6.5000000000e-01 9.5000000000e-01 3.6621623550e-05
7.0000000000e-01 9.5000000000e-01 3.1373334813e-05
7.5000000000e-01 9.5000000000e-01 2.6146321679e-05
8.0000000000e-01 9.5000000000e-01 2.0921196680e-05
8.5000000000e-01 9.5000000000e-01 1.5694596931e-05
9.0000000000e-01 9.5000000000e-01 1.0465413796e-05
9.5000000000e-01 9.5000000000e-01 5.2336284671e-06
-9.5000000000e-01 9.0000000000e-01 7.9956302833e-03
-9.0000000000e-01 9.0000000000e-01 1.4232532997e-02
-8.5000000000e-01 9.0000000000e-01 1.9190624527e-02
-8.0000000000e-01 9.0000000000e-01 2.3163809042e-02
-7.5000000000e-01 9.0000000000e-01 2.6333823789e-02
-7.0000000000e-01 9.0000000000e-01 2.8816999087e-02
-6.5000000000e-01 9.0000000000e-01 3.0689902486e-02
-6.0000000000e-01 9.0000000000e-01 3.2003132851e-02
-5.5000000000e-01 9.0000000000e-01 3.2787123495e-02
-5.0000000000e-01 9.0000000000e-01 3.3060379970e-02
-4.5000000000e-01 9.0000000000e-01 3.2826412295e-02
-4.0000000000e-01 9.0000000000e-01 3.2079372305e-02
-3.5000000000e-01 9.0000000000e-01 3.0801104220e-02
-3.0000000000e-01 9.0000000000e-01 2.8958147426e-02
-2.5000000000e-01 9.0000000000e-01 2.6500952532e-02
-2.0000000000e-01 9.0000000000e-01 2.3351554772e-02
-1.5000000000e-01 9.0000000000e-01 1.9394164498e-02
-1.0000000000e-01 9.0000000000e-01 1.4448827426e-02
-5.0000000000e-02 9.0000000000e-01 8.2234512789e-03
5.5511151231e-17 9.0000000000e-01 2.4036129089e-04
5.0000000000e-02 9.0000000000e-01 2.1987018720e-04
1.0000000000e-01 9.0000000000e-01 2.0270946748e-04
1.5000000000e-01 9.0000000000e-01 1.8767830561e-04
2.0000000000e-01 9.0000000000e-01 1.7405889504e-04
2.5000000000e-01 9.0000000000e-01 1.6139011738e-04
3.0000000000e-01 9.0000000000e-01 1.4939868205e-04
3.5000000000e-01 9.0000000000e-01 1.3787034750e-04
4.0000000000e-01 9.0000000000e-01 1.2668674986e-04
4.5000000000e-01 9.0000000000e-01 1.1573894265e-04
5.0000000000e-01 9.0000000000e-01 1.0496525148e-04
5.5000000000e-01 9.0000000000e-01 9.4312123636e-05
6.0000000000e-01 9.0000000000e-01 8.3739455099e-05
6.5000000000e-01 9.0000000000e-01 7.3221491523e-05
7.0000000000e-01 9.0000000000e-01 6.2744091626e-05
7.5000000000e-01 9.0000000000e-01 5.2280729177e-05
8.0000000000e-01 9.0000000000e-01 4.1834291297e-05
8.5000000000e-01 9.0000000000e-01 3.1383103880e-05
9.0000000000e-01 9.0000000000e-01 2.0927276750e-05
9.5000000000e-01 9.0000000000e-01 1.0465413796e-05
-9.5000000000e-01 8.5000000000e-01 1.0630493388e-02
-9.0000000000e-01 8.5000000000e-01 1.9263031628e-02
-8.5000000000e-01 8.5000000000e-01 2.6294880370e-02
-8.0000000000e-01 8.5000000000e-01 3.2012479280e-02
-7.5000000000e-01 8.5000000000e-01 3.6615230202e-02
-7.0000000000e-01 8.5000000000e-01 4.0241315961e-02
-6.5000000000e-01 8.5000000000e-01 4.2987344892e-02
-6.0000000000e-01 8.5000000000e-01 4.4916858019e-02
-5.5000000000e-01 8.5000000000e-01 4.6072164224e-02
-5.0000000000e-01 8.5000000000e-01 4.6475752199e-02
-4.5000000000e-01 8.5000000000e-01 4.6133255995e-02
-4.0000000000e-01 8.5000000000e-01 4.5036173024e-02
-3.5000000000e-01 8.5000000000e-01 4.3159501392e-02
-3.0000000000e-01 8.5000000000e-01 4.0460077307e-02
-2.5000000000e-01 8.5000000000e-01 3.6872047033e-02
-2.0000000000e-01 8.5000000000e-01 3.2299257645e-02
-1.5000000000e-01 8.5000000000e-01 2.6604073471e-02
-1.0000000000e-01 8.5000000000e-01 1.9588593141e-02
-5.0000000000e-02 8.5000000000e-01 1.0968943258e-02
5.5511151231e-17 8.5000000000e-01 3.5251120193e-04
5.0000000000e-02 8.5000000000e-01 3.2517637509e-04
1.0000000000e-01 8.5000000000e-01 3.0121938703e-04
1.5000000000e-01 8.5000000000e-01 2.7968521087e-04
2.0000000000e-01 8.5000000000e-01 2.5984733702e-04
2.5000000000e-01 8.5000000000e-01 2.4123481614e-04
3.0000000000e-01 8.5000000000e-01 2.2349077953e-04
3.5000000000e-01 8.5000000000e-01 2.0637418711e-04
4.0000000000e-01 8.5000000000e-01 1.8971266308e-04
4.5000000000e-01 8.5000000000e-01 1.7338376940e-04
5.0000000000e-01 8.5000000000e-01 1.5728239061e-04
5.5000000000e-01 8.5000000000e-01 1.4135733483e-04
6.0000000000e-01 8.5000000000e-01 1.2553471413e-04
6.5000000000e-01 8.5000000000e-01 1.0978743687e-04
7.0000000000e-01 8.5000000000e-01 9.4085149552e-05
7.5000000000e-01 8.5000000000e-01 7.8406711045e-05
8.0000000000e-01 8.5000000000e-01 6.2731245737e-05
8.5000000000e-01 8.5000000000e-01 4.7063870609e-05
9.0000000000e-01 8.5000000000e-01 3.1383103880e-05
9.5000000000e-01 8.5000000000e-01 1.5694596931e-05
-9.5000000000e-01 8.0000000000e-01 1.2763256990e-02
-9.0000000000e-01 8.0000000000e-01 2.3394716410e-02
-8.5000000000e-01 8.0000000000e-01 3.2214280232e-02
-8.0000000000e-01 8.0000000000e-01 3.9476306117e-02
-7.5000000000e-01 8.0000000000e-01 4.5372785660e-02
-7.0000000000e-01 8.0000000000e-01 5.0046617666e-02
-6.5000000000e-01 8.0000000000e-01 5.3600118272e-02
-6.0000000000e-01 8.0000000000e-01 5.6104855460e-02
-5.5000000000e-01 8.0000000000e-01 5.7608275084e-02
-5.0000000000e-01 8.0000000000e-01 5.8135667946e-02
-4.5000000000e-01 8.0000000000e-01 5.7693295040e-02
-4.0000000000e-01 8.0000000000e-01 5.6271668045e-02
-3.5000000000e-01 8.0000000000e-01 5.3840102094e-02
-3.0000000000e-01 8.0000000000e-01 5.0350187210e-02
-2.5000000000e-01 8.0000000000e-01 4.5727961219e-02
-2.0000000000e-01 8.0000000000e-01 3.9869973133e-02
-1.5000000000e-01 8.0000000000e-01 3.2634598210e-02
-1.0000000000e-01 8.0000000000e-01 2.3832383347e-02
-5.0000000000e-02 8.0000000000e-01 1.3212812869e-02
5.5511151231e-17 8.0000000000e-01 4.6003096396e-04
5.0000000000e-02 8.0000000000e-01 4.2707434395e-04
1.0000000000e-01 8.0000000000e-01 3.9732096746e-04
1.5000000000e-01 8.0000000000e-01 3.6996539786e-04
2.0000000000e-01 8.0000000000e-01 3.4441729360e-04
2.5000000000e-01 8.0000000000e-01 3.2018639411e-04
3.0000000000e-01 8.0000000000e-01 2.9693950884e-04
3.5000000000e-01 8.0000000000e-01 2.7440713749e-04
4.0000000000e-01 8.0000000000e-01 2.5240573706e-04
4.5000000000e-01 8.0000000000e-01 2.3078198213e-04
5.0000000000e-01 8.0000000000e-01 2.0943814027e-04
5.5000000000e-01 8.0000000000e-01 1.8827580660e-04
6.0000000000e-01 8.0000000000e-01 1.6725114394e-04
6.5000000000e-01 8.0000000000e-01 1.4629409537e-04
7.0000000000e-01 8.0000000000e-01 1.2539029626e-04
7.5000000000e-01 8.0000000000e-01 1.0450832603e-04
8.0000000000e-01 8.0000000000e-01 8.3626538320e-05
8.5000000000e-01 8.0000000000e-01 6.2731245737e-05
9.0000000000e-01 8.0000000000e-01 4.1834291297e-05
9.5000000000e-01 8.0000000000e-01 2.0921196680e-05
-9.5000000000e-01 7.5000000000e-01 1.4527251996e-02
-9.0000000000e-01 7.5000000000e-01 2.6838446276e-02
-8.5000000000e-01 7.5000000000e-01 3.7191898856e-02
-8.0000000000e-01 7.5000000000e-01 4.5805281682e-02
-7.5000000000e-01 7.5000000000e-01 5.2853487616e-02
-7.0000000000e-01 7.5000000000e-01 5.8471940552e-02
-6.5000000000e-01 7.5000000000e-01 6.2761563121e-02
-6.0000000000e-01 7.5000000000e-01 6.5795220424e-02
-5.5000000000e-01 7.5000000000e-01 6.7621130886e-02
-5.0000000000e-01 7.5000000000e-01 6.8265402963e-02
-4.5000000000e-01 7.5000000000e-01 6.7734825323e-02
-4.0000000000e-01 7.5000000000e-01 6.6017050922e-02
-3.5000000000e-01 7.5000000000e-01 6.3080414321e-02
-3.0000000000e-01 7.5000000000e-01 5.8873211619e-02
-2.5000000000e-01 7.5000000000e-01 5.3319874064e-02
-2.0000000000e-01 7.5000000000e-01 4.6317910956e-02
-1.5000000000e-01 7.5000000000e-01 3.7734070165e-02
-1.0000000000e-01 7.5000000000e-01 2.7395006674e-02
-5.0000000000e-02 7.5000000000e-01 1.5088858142e-02
5.5511151231e-17 7.5000000000e-01 5.6343527584e-04
5.0000000000e-02 7.5000000000e-01 5.2578750041e-04
1.0000000000e-01 7.5000000000e-01 4.9099333815e-04
1.5000000000e-01 7.5000000000e-01 4.5846189634e-04
2.0000000000e-01 7.5000000000e-01 4.2765141077e-04
2.5000000000e-01 7.5000000000e-01 3.9816683249e-04
3.0000000000e-01 7.5000000000e-01 3.6966493240e-04
3.5000000000e-01 7.5000000000e-01 3.4191660946e-04
4.0000000000e-01 7.5000000000e-01 3.1470582128e-04
4.5000000000e-01 7.5000000000e-01 2.8790633981e-04
5.0000000000e-01 7.5000000000e-01 2.6138303349e-04
5.5000000000e-01 7.5000000000e-01 2.3506402250e-04
6.0000000000e-01 7.5000000000e-01 2.0886266389e-04
6.5000000000e-01 7.5000000000e-01 1.8274618596e-04
7.0000000000e-01 7.5000000000e-01 1.5665604141e-04
7.5000000000e-01 7.5000000000e-01 1.3058650697e-04
8.0000000000e-01 7.5000000000e-01 1.0450832603e-04
8.5000000000e-01 7.5000000000e-01 7.8406711045e-05
9.0000000000e-01 7.5000000000e-01 5.2280729177e-05
9.5000000000e-01 7.5000000000e-01 2.6146321679e-05
-9.5000000000e-01 7.0000000000e-01 1.6007019874e-02
-9.0000000000e-01 7.0000000000e-01 2.9740331693e-02
-8.5000000000e-01 7.0000000000e-01 4.1409807314e-02
-8.0000000000e-01 7.0000000000e-01 5.1199546557e-02
-7.5000000000e-01 7.0000000000e-01 5.9263755137e-02
-7.0000000000e-01 7.0000000000e-01 6.5725635404e-02
-6.5000000000e-01 7.0000000000e-01 7.0679144886e-02
-6.0000000000e-01 7.0000000000e-01 7.4194173724e-02
-5.5000000000e-01 7.0000000000e-01 7.6316145416e-02
-5.0000000000e-01 7.0000000000e-01 7.7071297126e-02
-4.5000000000e-01 7.0000000000e-01 7.6463891320e-02
-4.0000000000e-01 7.0000000000e-01 7.4481428091e-02
-3.5000000000e-01 7.0000000000e-01 7.1091689545e-02
-3.0000000000e-01 7.0000000000e-01 6.6242079187e-02
-2.5000000000e-01 7.0000000000e-01 5.9859957653e-02
-2.0000000000e-01 7.0000000000e-01 5.1849464872e-02
-1.5000000000e-01 7.0000000000e-01 4.2087680539e-02
-1.0000000000e-01 7.0000000000e-01 3.0425566855e-02
-5.0000000000e-02 7.0000000000e-01 1.6684680276e-02
5.5511151231e-17 7.0000000000e-01 6.6328241804e-04
5.0000000000e-02 7.0000000000e-01 6.2160583159e-04
1.0000000000e-01 7.0000000000e-01 5.8242112742e-04
1.5000000000e-01 7.0000000000e-01 5.4520770434e-04
2.0000000000e-01 7.0000000000e-01 5.0957193497e-04
2.5000000000e-01 7.0000000000e-01 4.7514048440e-04
3.0000000000e-01 7.0000000000e-01 4.4165402457e-04
3.5000000000e-01 7.0000000000e-01 4.0885939229e-04
4.0000000000e-01 7.0000000000e-01 3.7660520712e-04
4.5000000000e-01 7.0000000000e-01 3.4472073240e-04
5.0000000000e-01 7.0000000000e-01 3.1312096591e-04
5.5000000000e-01 7.0000000000e-01 2.8169316017e-04
6.0000000000e-01 7.0000000000e-01 2.5038652304e-04
6.5000000000e-01 7.0000000000e-01 2.1913039428e-04
7.0000000000e-01 7.0000000000e-01 1.8790276140e-04
7.5000000000e-01 7.0000000000e-01 1.5665604141e-04
8.0000000000e-01 7.0000000000e-01 1.2539029626e-04
8.5000000000e-01 7.0000000000e-01 9.4085149552e-05
9.0000000000e-01 7.0000000000e-01 6.2744091626e-05
9.5000000000e-01 7.0000000000e-01 3.1373334813e-05
-9.5000000000e-01 6.5000000000e-01 1.7261699710e-02
-9.0000000000e-01 6.5000000000e-01 3.2206852825e-02
-8.5000000000e-01 6.5000000000e-01 4.5007715527e-02
-8.0000000000e-01 6.5000000000e-01 5.5819995520e-02
-7.5000000000e-01 6.5000000000e-01 6.4776848074e-02
-7.0000000000e-01 6.5000000000e-01 7.1986843447e-02
-6.5000000000e-01 6.5000000000e-01 7.7535227522e-02
-6.0000000000e-01 6.5000000000e-01 8.1485190693e-02
-5.5000000000e-01 6.5000000000e-01 8.3878633715e-02
-5.0000000000e-01 6.5000000000e-01 8.4738488248e-02
-4.5000000000e-01 6.5000000000e-01 8.4067686438e-02
-4.0000000000e-01 6.5000000000e-01 8.1852574176e-02
-3.5000000000e-01 6.5000000000e-01 7.8060985722e-02
-3.0000000000e-01 6.5000000000e-01 7.2642586140e-02
-2.5000000000e-01 6.5000000000e-01 6.5528072467e-02
-2.0000000000e-01 6.5000000000e-01 5.6630396316e-02
-1.5000000000e-01 6.5000000000e-01 4.5841544715e-02
-1.0000000000e-01 6.5000000000e-01 3.3033959038e-02
-5.0000000000e-02 6.5000000000e-01 1.8060714510e-02
5.5511151231e-17 6.5000000000e-01 7.6008721388e-04
5.0000000000e-02 6.5000000000e-01 7.1494933344e-04
1.0000000000e-01 6.5000000000e-01 6.7183453651e-04
1.5000000000e-01 6.5000000000e-01 6.3038793394e-04
2.0000000000e-01 6.5000000000e-01 5.9025138042e-04
2.5000000000e-01 6.5000000000e-01 5.5117923900e-04
3.0000000000e-01 6.5000000000e-01 5.1290372429e-04
3.5000000000e-01 6.5000000000e-01 4.7526696506e-04
4.0000000000e-01 6.5000000000e-01 4.3808424250e-04
4.5000000000e-01 6.5000000000e-01 4.0125226570e-04
5.0000000000e-01 6.5000000000e-01 3.6464004619e-04
5.5000000000e-01 6.5000000000e-01 3.2819568856e-04
6.0000000000e-01 6.5000000000e-01 2.9181830201e-04
6.5000000000e-01 6.5000000000e-01 2.5548286416e-04
7.0000000000e-01 6.5000000000e-01 2.1913039428e-04
7.5000000000e-01 6.5000000000e-01 1.8274618596e-04
8.0000000000e-01 6.5000000000e-01 1.4629409537e-04
8.5000000000e-01 6.5000000000e-01 1.0978743687e-04
9.0000000000e-01 6.5000000000e-01 7.3221491523e-05
9.5000000000e-01 6.5000000000e-01 3.6621623550e-05
-9.5000000000e-01 6.0000000000e-01 1.8333681419e-02
-9.0000000000e-01 6.0000000000e-01 3.4317608817e-02
-8.5000000000e-01 6.0000000000e-01 4.8095449196e-02
-8.0000000000e-01 6.0000000000e-01 5.9797267834e-02
-7.5000000000e-01 6.0000000000e-01 6.9537216317e-02
-7.0000000000e-01 6.0000000000e-01 7.7409539350e-02
-6.5000000000e-01 6.0000000000e-01 8.3489606435e-02
-6.0000000000e-01 6.0000000000e-01 8.7832387445e-02
-5.5000000000e-01 6.0000000000e-01 9.0474724813e-02
-5.0000000000e-01 6.0000000000e-01 9.1436070071e-02
-4.5000000000e-01 6.0000000000e-01 9.0716140961e-02
-4.0000000000e-01 6.0000000000e-01 8.8300646023e-02
-3.5000000000e-01 6.0000000000e-01 8.4157778715e-02
-3.0000000000e-01 6.0000000000e-01 7.8237783518e-02
-2.5000000000e-01 6.0000000000e-01 7.0478954186e-02
-2.0000000000e-01 6.0000000000e-01 6.0801864991e-02
-1.5000000000e-01 6.0000000000e-01 4.9113687459e-02
-1.0000000000e-01 6.0000000000e-01 3.5307287665e-02
-5.0000000000e-02 6.0000000000e-01 1.9263215475e-02
5.5511151231e-17 6.0000000000e-01 8.5445767139e-04
5.0000000000e-02 6.0000000000e-01 8.0624316621e-04
1.0000000000e-01 6.0000000000e-01 7.5960654503e-04
1.5000000000e-01 6.0000000000e-01 7.1422956150e-04
2.0000000000e-01 6.0000000000e-01 6.6990123215e-04
2.5000000000e-01 6.0000000000e-01 6.2638062449e-04
3.0000000000e-01 6.0000000000e-01 5.8353376619e-04
3.5000000000e-01 6.0000000000e-01 5.4117271248e-04
4.0000000000e-01 6.0000000000e-01 4.9921298313e-04
4.5000000000e-01 6.0000000000e-01 4.5750815751e-04
5.0000000000e-01 6.0000000000e-01 4.1599638280e-04
5.5000000000e-01 6.0000000000e-01 3.7457873541e-04
6.0000000000e-01 6.0000000000e-01 3.3321185068e-04
6.5000000000e-01 6.0000000000e-01 2.9181830201e-04
7.0000000000e-01 6.0000000000e-01 2.5038652304e-04
7.5000000000e-01 6.0000000000e-01 2.0886266389e-04
8.0000000000e-01 6.0000000000e-01 1.6725114394e-04
8.5000000000e-01 6.0000000000e-01 1.2553471413e-04
9.0000000000e-01 6.0000000000e-01 8.3739455099e-05
9.5000000000e-01 6.0000000000e-01 4.1886247076e-05
-9.5000000000e-01 5.5000000000e-01 1.9255347504e-02
-9.0000000000e-01 5.5000000000e-01 3.6135995618e-02
-8.5000000000e-01 5.5000000000e-01 5.0759496712e-02
-8.0000000000e-01 5.5000000000e-01 6.3237195973e-02
-7.5000000000e-01 5.5000000000e-01 7.3665078973e-02
-7.0000000000e-01 5.5000000000e-01 8.2124830661e-02
-6.5000000000e-01 5.5000000000e-01 8.8680420841e-02
-6.0000000000e-01 5.5000000000e-01 9.3379395535e-02
-5.5000000000e-01 5.5000000000e-01 9.6252194132e-02
-5.0000000000e-01 5.5000000000e-01 9.7313808721e-02
-4.5000000000e-01 5.5000000000e-01 9.6560460327e-02
-4.0000000000e-01 5.5000000000e-01 9.3976980577e-02
-3.5000000000e-01 5.5000000000e-01 8.9529530964e-02
-3.0000000000e-01 5.5000000000e-01 8.3172921904e-02
-2.5000000000e-01 5.5000000000e-01 7.4847761391e-02
-2.0000000000e-01 5.5000000000e-01 6.4484714679e-02
-1.5000000000e-01 5.5000000000e-01 5.2003708177e-02
-1.0000000000e-01 5.5000000000e-01 3.7317548293e-02
-5.0000000000e-02 5.5000000000e-01 2.0331448652e-02
5.5511151231e-17 5.5000000000e-01 9.4694402645e-04
5.0000000000e-02 5.5000000000e-01 8.9601254253e-04
1.0000000000e-01 5.5000000000e-01 8.4610344679e-04
1.5000000000e-01 5.5000000000e-01 7.9706912019e-04
2.0000000000e-01 5.5000000000e-01 7.4871357550e-04
2.5000000000e-01 5.5000000000e-01 7.0094900574e-04
3.0000000000e-01 5.5000000000e-01 6.5363312512e-04
3.5000000000e-01 5.5000000000e-01 6.0670215328e-04
4.0000000000e-01 5.5000000000e-01 5.6003178827e-04
4.5000000000e-01 5.5000000000e-01 5.1357195061e-04
5.0000000000e-01 5.5000000000e-01 4.6720744837e-04
5.5000000000e-01 5.5000000000e-01 4.2090826982e-04
6.0000000000e-01 5.5000000000e-01 3.7457873541e-04
6.5000000000e-01 5.5000000000e-01 3.2819568856e-04
7.0000000000e-01 5.5000000000e-01 2.8169316017e-04
7.5000000000e-01 5.5000000000e-01 2.3506402250e-04
8.0000000000e-01 5.5000000000e-01 1.8827580660e-04
8.5000000000e-01 5.5000000000e-01 1.4135733483e-04
9.0000000000e-01 5.5000000000e-01 9.4312123636e-05
9.5000000000e-01 5.5000000000e-01 4.7178848143e-05
-9.5000000000e-01 5.0000000000e-01 2.0053196052e-02
-9.0000000000e-01 5.0000000000e-01 3.7709651363e-02
-8.5000000000e-01 5.0000000000e-01 5.3070221451e-02
-8.0000000000e-01 5.0000000000e-01 6.6226949479e-02
-7.5000000000e-01 5.0000000000e-01 7.7262039227e-02
-7.0000000000e-01 5.0000000000e-01 8.6243824659e-02
-6.5000000000e-01 5.0000000000e-01 9.3227440085e-02
-6.0000000000e-01 5.0000000000e-01 9.8251637432e-02
-5.5000000000e-01 5.0000000000e-01 1.0134080868e-01
-5.0000000000e-01 5.0000000000e-01 1.0250467620e-01
-4.5000000000e-01 5.0000000000e-01 1.0173577882e-01
-4.0000000000e-01 5.0000000000e-01 9.9016033252e-02
-3.5000000000e-01 5.0000000000e-01 9.4311084752e-02
-3.0000000000e-01 5.0000000000e-01 8.7575481087e-02
-2.5000000000e-01 5.0000000000e-01 7.8754472235e-02
-2.0000000000e-01 5.0000000000e-01 6.7785095433e-02
-1.5000000000e-01 5.0000000000e-01 5.4599969461e-02
-1.0000000000e-01 5.0000000000e-01 3.9127711321e-02
-5.0000000000e-02 5.0000000000e-01 2.1297589208e-02
5.5511151231e-17 5.0000000000e-01 1.0381982196e-03
5.0000000000e-02 5.0000000000e-01 9.8473059564e-04
1.0000000000e-01 5.0000000000e-01 9.3177504090e-04
1.5000000000e-01 5.0000000000e-01 8.7919411896e-04
2.0000000000e-01 5.0000000000e-01 8.2697218088e-04
2.5000000000e-01 5.0000000000e-01 7.7502559243e-04
3.0000000000e-01 5.0000000000e-01 7.2336605835e-04
3.5000000000e-01 5.0000000000e-01 6.7191002880e-04
4.0000000000e-01 5.0000000000e-01 6.2064379688e-04
4.5000000000e-01 5.0000000000e-01 5.6947013570e-04
5.0000000000e-01 5.0000000000e-01 5.1835786113e-04
5.5000000000e-01 5.0000000000e-01 4.6720744837e-04
6.0000000000e-01 5.0000000000e-01 4.1599638280e-04
6.5000000000e-01 5.0000000000e-01 3.6464004619e-04
7.0000000000e-01 5.0000000000e-01 3.1312096591e-04
7.5000000000e-01 5.0000000000e-01 2.6138303349e-04
8.0000000000e-01 5.0000000000e-01 2.0943814027e-04
8.5000000000e-01 5.0000000000e-01 1.5728239061e-04
9.0000000000e-01 5.0000000000e-01 1.0496525148e-04
9.5000000000e-01 5.0000000000e-01 5.2520667434e-05
-9.5000000000e-01 4.5000000000e-01 2.0746440030e-02
-9.0000000000e-01 4.5000000000e-01 3.9080049106e-02
-8.5000000000e-01 4.5000000000e-01 5.5084777941e-02
-8.0000000000e-01 4.5000000000e-01 6.8839602186e-02
-7.5000000000e-01 4.5000000000e-01 8.0412235264e-02
-7.0000000000e-01 4.5000000000e-01 8.9861560046e-02
-6.5000000000e-01 4.5000000000e-01 9.7233382574e-02
-6.0000000000e-01 4.5000000000e-01 1.0255861454e-01
-5.5000000000e-01 4.5000000000e-01 1.0585545570e-01
-5.0000000000e-01 4.5000000000e-01 1.0712723720e-01
-4.5000000000e-01 4.5000000000e-01 1.0636304298e-01
-4.0000000000e-01 4.5000000000e-01 1.0354046446e-01
-3.5000000000e-01 4.5000000000e-01 9.8622899789e-02
-3.0000000000e-01 4.5000000000e-01 9.1563924902e-02
-2.5000000000e-01 4.5000000000e-01 8.2310165308e-02
-2.0000000000e-01 4.5000000000e-01 7.0802725040e-02
-1.5000000000e-01 4.5000000000e-01 5.6983352049e-02
-1.0000000000e-01 4.5000000000e-01 4.0796995340e-02
-5.0000000000e-02 4.5000000000e-01 2.2193354635e-02
5.5511151231e-17 4.5000000000e-01 1.1288067393e-03
5.0000000000e-02 4.5000000000e-01 1.0729960339e-03
1.0000000000e-01 4.5000000000e-01 1.0170350964e-03
1.5000000000e-01 4.5000000000e-01 9.6100148505e-04
2.0000000000e-01 4.5000000000e-01 9.0489969692e-04
2.5000000000e-01 4.5000000000e-01 8.4884197793e-04
3.0000000000e-01 4.5000000000e-01 7.9283434009e-04
3.5000000000e-01 4.5000000000e-01 7.3693751177e-04
4.0000000000e-01 4.5000000000e-01 6.8109308804e-04
4.5000000000e-01 4.5000000000e-01 6.2530292166e-04
5.0000000000e-01 4.5000000000e-01 5.6947013570e-04
5.5000000000e-01 4.5000000000e-01 5.1357195061e-04
6.0000000000e-01 4.5000000000e-01 4.5750815751e-04
6.5000000000e-01 4.5000000000e-01 4.0125226570e-04
7.0000000000e-01 4.5000000000e-01 3.4472073240e-04
7.5000000000e-01 4.5000000000e-01 2.8790633981e-04
8.0000000000e-01 4.5000000000e-01 2.3078198213e-04
8.5000000000e-01 4.5000000000e-01 1.7338376940e-04
9.0000000000e-01 4.5000000000e-01 1.1573894265e-04
9.5000000000e-01 4.5000000000e-01 5.7917719985e-05
-9.5000000000e-01 4.0000000000e-01 2.1352238198e-02
-9.0000000000e-01 4.0000000000e-01 4.0278404905e-02
-8.5000000000e-01 4.0000000000e-01 5.6849803292e-02
-8.0000000000e-01 4.0000000000e-01 7.1132912097e-02
-7.5000000000e-01 4.0000000000e-01 8.3185890954e-02
-7.0000000000e-01 4.0000000000e-01 9.3057597368e-02
-6.5000000000e-01 4.0000000000e-01 1.0078541225e-01
-6.0000000000e-01 4.0000000000e-01 1.0639425530e-01
-5.5000000000e-01 4.0000000000e-01 1.0989415202e-01
-5.0000000000e-01 4.0000000000e-01 1.1128515764e-01
-4.5000000000e-01 4.0000000000e-01 1.1054932843e-01
-4.0000000000e-01 4.0000000000e-01 1.0766018379e-01
-3.5000000000e-01 4.0000000000e-01 1.0257612187e-01
-3.0000000000e-01 4.0000000000e-01 9.5247783861e-02
-2.5000000000e-01 4.0000000000e-01 8.5618860416e-02
-2.0000000000e-01 4.0000000000e-01 7.3632287520e-02
-1.5000000000e-01 4.0000000000e-01 5.9234314385e-02
-1.0000000000e-01 4.0000000000e-01 4.2383060395e-02
-5.0000000000e-02 4.0000000000e-01 2.3049746336e-02
5.5511151231e-17 4.0000000000e-01 1.2195207936e-03
5.0000000000e-02 4.0000000000e-01 1.1613637384e-03
1.0000000000e-01 4.0000000000e-01 1.1024216051e-03
1.5000000000e-01 4.0000000000e-01 1.0428159399e-03
2.0000000000e-01 4.0000000000e-01 9.8280588143e-04
2.5000000000e-01 4.0000000000e-01 9.2253796999e-04
3.0000000000e-01 4.0000000000e-01 8.6220291272e-04
3.5000000000e-01 4.0000000000e-01 8.0183012180e-04
4.0000000000e-01 4.0000000000e-01 7.4148440639e-04
4.5000000000e-01 4.0000000000e-01 6.8109308804e-04
5.0000000000e-01 4.0000000000e-01 6.2064379688e-04
5.5000000000e-01 4.0000000000e-01 5.6003178827e-04
6.0000000000e-01 4.0000000000e-01 4.9921298313e-04
6.5000000000e-01 4.0000000000e-01 4.3808424250e-04
7.0000000000e-01 4.0000000000e-01 3.7660520712e-04
7.5000000000e-01 4.0000000000e-01 3.1470582128e-04
8.0000000000e-01 4.0000000000e-01 2.5240573706e-04
8.5000000000e-01 4.0000000000e-01 1.8971266308e-04
9.0000000000e-01 4.0000000000e-01 1.2668674986e-04
9.5000000000e-01 4.0000000000e-01 6.3407063131e-05
-9.5000000000e-01 3.5000000000e-01 2.1884006589e-02
-9.0000000000e-01 3.5000000000e-01 4.1330667132e-02
-8.5000000000e-01 3.5000000000e-01 5.8402827494e-02
-8.0000000000e-01 3.5000000000e-01 7.3156591046e-02
-7.5000000000e-01 3.5000000000e-01 8.5641201176e-02
-7.0000000000e-01 3.5000000000e-01 9.5897070225e-02
-6.5000000000e-01 3.5000000000e-01 1.0395661395e-01
-6.0000000000e-01 3.5000000000e-01 1.0983649489e-01
-5.5000000000e-01 3.5000000000e-01 1.1354335504e-01
-5.0000000000e-01 3.5000000000e-01 1.1506819796e-01
-4.5000000000e-01 3.5000000000e-01 1.1439010285e-01
-4.0000000000e-01 3.5000000000e-01 1.1147407346e-01
-3.5000000000e-01 3.5000000000e-01 1.0627363753e-01
-3.0000000000e-01 3.5000000000e-01 9.8731275118e-02
-2.5000000000e-01 3.5000000000e-01 8.8785051121e-02
-2.0000000000e-01 3.5000000000e-01 7.6371736525e-02
-1.5000000000e-01 3.5000000000e-01 6.1437884463e-02
-1.0000000000e-01 3.5000000000e-01 4.3951340964e-02
-5.0000000000e-02 3.5000000000e-01 2.3902233057e-02
5.5511151231e-17 3.5000000000e-01 1.3110928263e-03
5.0000000000e-02 3.5000000000e-01 1.2505727143e-03
1.0000000000e-01 3.5000000000e-01 1.1884172082e-03
1.5000000000e-01 3.5000000000e-01 1.1250769428e-03
2.0000000000e-01 3.5000000000e-01 1.0609070148e-03
2.5000000000e-01 3.5000000000e-01 9.9632533773e-04
3.0000000000e-01 3.5000000000e-01 9.3152862504e-04
3.5000000000e-01 3.5000000000e-01 8.6669745903e-04
4.0000000000e-01 3.5000000000e-01 8.0183012180e-04
4.5000000000e-01 3.5000000000e-01 7.3693751177e-04
5.0000000000e-01 3.5000000000e-01 6.7191002880e-04
5.5000000000e-01 3.5000000000e-01 6.0670215328e-04
6.0000000000e-01 3.5000000000e-01 5.4117271248e-04
6.5000000000e-01 3.5000000000e-01 4.7526696506e-04
7.0000000000e-01 3.5000000000e-01 4.0885939229e-04
7.5000000000e-01 3.5000000000e-01 3.4191660946e-04
8.0000000000e-01 3.5000000000e-01 2.7440713749e-04
8.5000000000e-01 3.5000000000e-01 2.0637418711e-04
9.0000000000e-01 3.5000000000e-01 1.3787034750e-04
9.5000000000e-01 3.5000000000e-01 6.9029632590e-05
-9.5000000000e-01 3.0000000000e-01 2.2351447734e-02
-9.0000000000e-01 3.0000000000e-01 4.2258631135e-02
-8.5000000000e-01 3.0000000000e-01 5.9774247462e-02
-8.0000000000e-01 3.0000000000e-01 7.4949347807e-02
-7.5000000000e-01 3.0000000000e-01 8.7824396071e-02
-7.0000000000e-01 3.0000000000e-01 9.8435278661e-02
-6.5000000000e-01 3.0000000000e-01 1.0680727875e-01
-6.0000000000e-01 3.0000000000e-01 1.1295383543e-01
-5.5000000000e-01 3.0000000000e-01 1.1687376808e-01
-5.0000000000e-01 3.0000000000e-01 1.1855523337e-01
-4.5000000000e-01 3.0000000000e-01 1.1796906516e-01
-4.0000000000e-01 3.0000000000e-01 1.1507378328e-01
-3.5000000000e-01 3.0000000000e-01 1.0981360603e-01
-3.0000000000e-01 3.0000000000e-01 1.0211963711e-01
-2.5000000000e-01 3.0000000000e-01 9.1917224470e-02
-2.0000000000e-01 3.0000000000e-01 7.9130045945e-02
-1.5000000000e-01 3.0000000000e-01 6.3695669176e-02
-1.0000000000e-01 3.0000000000e-01 4.5581304603e-02
-5.0000000000e-02 3.0000000000e-01 2.4796297264e-02
5.5511151231e-17 3.0000000000e-01 1.4045411390e-03
5.0000000000e-02 3.0000000000e-01 1.3413781462e-03
1.0000000000e-01 3.0000000000e-01 1.2756677225e-03
1.5000000000e-01 3.0000000000e-01 1.2081081470e-03
2.0000000000e-01 3.0000000000e-01 1.1394741498e-03
2.5000000000e-01 3.0000000000e-01 1.0702707485e-03
3.0000000000e-01 3.0000000000e-01 1.0009174591e-03
3.5000000000e-01 3.0000000000e-01 9.3152862504e-04
4.0000000000e-01 3.0000000000e-01 8.6220291272e-04
4.5000000000e-01 3.0000000000e-01 7.9283434009e-04
5.0000000000e-01 3.0000000000e-01 7.2336605835e-04
5.5000000000e-01 3.0000000000e-01 6.5363312512e-04
6.0000000000e-01 3.0000000000e-01 5.8353376619e-04
6.5000000000e-01 3.0000000000e-01 5.1290372429e-04
7.0000000000e-01 3.0000000000e-01 4.4165402457e-04
7.5000000000e-01 3.0000000000e-01 3.6966493240e-04
8.0000000000e-01 3.0000000000e-01 2.9693950884e-04
8.5000000000e-01 3.0000000000e-01 2.2349077953e-04
9.0000000000e-01 3.0000000000e-01 1.4939868205e-04
9.5000000000e-01 3.0000000000e-01 7.4821367106e-05
-9.5000000000e-01 2.5000000000e-01 2.2763339902e-02
-9.0000000000e-01 2.5000000000e-01 4.3076574019e-02
-8.5000000000e-01 2.5000000000e-01 6.0987350768e-02
-8.0000000000e-01 2.5000000000e-01 7.6539962170e-02
-7.5000000000e-01 2.5000000000e-01 8.9771433947e-02
-7.0000000000e-01 2.5000000000e-01 1.0071210808e-01
-6.5000000000e-01 2.5000000000e-01 1.0938402736e-01
-6.0000000000e-01 2.5000000000e-01 1.1579547797e-01
-5.5000000000e-01 2.5000000000e-01 1.1994325095e-01
-5.0000000000e-01 2.5000000000e-01 1.2180817362e-01
-4.5000000000e-01 2.5000000000e-01 1.2135682770e-01
-4.0000000000e-01 2.5000000000e-01 1.1853854351e-01
-3.5000000000e-01 2.5000000000e-01 1.1328608802e-01
-3.0000000000e-01 2.5000000000e-01 1.0551590335e-01
-2.5000000000e-01 2.5000000000e-01 9.5132041437e-02
-2.0000000000e-01 2.5000000000e-01 8.2034590307e-02
-1.5000000000e-01 2.5000000000e-01 6.6133543343e-02
-1.0000000000e-01 2.5000000000e-01 4.7381216370e-02
-5.0000000000e-02 2.5000000000e-01 2.5796827821e-02
5.5511151231e-17 2.5000000000e-01 1.5010614973e-03
5.0000000000e-02 2.5000000000e-01 1.4347984537e-03
1.0000000000e-01 2.5000000000e-01 1.3647268130e-03
1.5000000000e-01 2.5000000000e-01 1.2922754864e-03
2.0000000000e-01 2.5000000000e-01 1.2185524511e-03
2.5000000000e-01 2.5000000000e-01 1.1444213225e-03
3.0000000000e-01 2.5000000000e-01 1.0702707485e-03
3.5000000000e-01 2.5000000000e-01 9.9632533773e-04
4.0000000000e-01 2.5000000000e-01 9.2253796999e-04
4.5000000000e-01 2.5000000000e-01 8.4884197793e-04
5.0000000000e-01 2.5000000000e-01 7.7502559243e-04
5.5000000000e-01 2.5000000000e-01 7.0094900574e-04
6.0000000000e-01 2.5000000000e-01 6.2638062449e-04
6.5000000000e-01 2.5000000000e-01 5.5117923900e-04
7.0000000000e-01 2.5000000000e-01 4.7514048440e-04
7.5000000000e-01 2.5000000000e-01 3.9816683249e-04
8.0000000000e-01 2.5000000000e-01 3.2018639411e-04
8.5000000000e-01 2.5000000000e-01 2.4123481614e-04
9.0000000000e-01 2.5000000000e-01 1.6139011738e-04
9.5000000000e-01 2.5000000000e-01 8.0881924847e-05
-9.5000000000e-01 2.0000000000e-01 2.3125202865e-02
-9.0000000000e-01 2.0000000000e-01 4.3796145065e-02
-8.5000000000e-01 2.0000000000e-01 6.2058043480e-02
-8.0000000000e-01 2.0000000000e-01 7.7950938708e-02
-7.5000000000e-01 2.0000000000e-01 9.1508381777e-02
-7.0000000000e-01 2.0000000000e-01 1.0275836786e-01
-6.5000000000e-01 2.0000000000e-01 1.1172116797e-01
-6.0000000000e-01 2.0000000000e-01 1.1840249578e-01
-5.5000000000e-01 2.0000000000e-01 1.2279568737e-01
-5.0000000000e-01 2.0000000000e-01 1.2487893359e-01
-4.5000000000e-01 2.0000000000e-01 1.2461236066e-01
-4.0000000000e-01 2.0000000000e-01 1.2193834336e-01
-3.5000000000e-01 2.0000000000e-01 1.1677723123e-01
-3.0000000000e-01 2.0000000000e-01 1.0902619965e-01
-2.5000000000e-01 2.0000000000e-01 9.8561273036e-02
-2.0000000000e-01 2.0000000000e-01 8.5240653532e-02
-1.5000000000e-01 2.0000000000e-01 6.8923926814e-02
-1.0000000000e-01 2.0000000000e-01 4.9512427091e-02
-5.0000000000e-02 2.0000000000e-01 2.7008129753e-02
5.5511151231e-17 2.0000000000e-01 1.6024479910e-03
5.0000000000e-02 2.0000000000e-01 1.5320040764e-03
1.0000000000e-01 2.0000000000e-01 1.4562552285e-03
1.5000000000e-01 2.0000000000e-01 1.3776778843e-03
2.0000000000e-01 2.0000000000e-01 1.2981239330e-03
2.5000000000e-01 2.0000000000e-01 1.2185524511e-03
3.0000000000e-01 2.0000000000e-01 1.1394741498e-03
3.5000000000e-01 2.0000000000e-01 1.0609070148e-03
4.0000000000e-01 2.0000000000e-01 9.8280588143e-04
4.5000000000e-01 2.0000000000e-01 9.0489969692e-04
5.0000000000e-01 2.0000000000e-01 8.2697218088e-04
5.5000000000e-01 2.0000000000e-01 7.4871357550e-04
6.0000000000e-01 2.0000000000e-01 6.6990123215e-04
6.5000000000e-01 2.0000000000e-01 5.9025138042e-04
7.0000000000e-01 2.0000000000e-01 5.0957193497e-04
7.5000000000e-01 2.0000000000e-01 4.2765141077e-04
8.0000000000e-01 2.0000000000e-01 3.4441729360e-04
8.5000000000e-01 2.0000000000e-01 2.5984733702e-04
9.0000000000e-01 2.0000000000e-01 1.7405889504e-04
9.5000000000e-01 2.0000000000e-01 8.7297476515e-05
-9.5000000000e-01 1.5000000000e-01 2.3439988366e-02
-9.0000000000e-01 1.5000000000e-01 4.4425246424e-02
-8.5000000000e-01 1.5000000000e-01 6.2997109547e-02
-8.0000000000e-01 1.5000000000e-01 7.9195207699e-02
-7.5000000000e-01 1.5000000000e-01 9.3051481548e-02
-7.0000000000e-01 1.5000000000e-01 1.0459385394e-01
-6.5000000000e-01 1.5000000000e-01 1.1384077753e-01
-6.0000000000e-01 1.5000000000e-01 1.2079818468e-01
-5.5000000000e-01 1.5000000000e-01 1.2545862031e-01
-5.0000000000e-01 1.5000000000e-01 1.2779826092e-01
-4.5000000000e-01 1.5000000000e-01 1.2777536423e-01
-4.0000000000e-01 1.5000000000e-01 1.2532560014e-01
-3.5000000000e-01 1.5000000000e-01 1.2035860235e-01
-3.0000000000e-01 1.5000000000e-01 1.1275156862e-01
-2.5000000000e-01 1.5000000000e-01 1.0234581166e-01
-2.0000000000e-01 1.5000000000e-01 8.8941470964e-02
-1.5000000000e-01 1.5000000000e-01 7.2310666688e-02
-1.0000000000e-01 1.5000000000e-01 5.2235844261e-02
-5.0000000000e-02 1.5000000000e-01 2.8621380105e-02
5.5511151231e-17 1.5000000000e-01 1.7114098741e-03
5.0000000000e-02 1.5000000000e-01 1.6346127653e-03
1.0000000000e-01 1.5000000000e-01 1.5506026742e-03
1.5000000000e-01 1.5000000000e-01 1.4641433834e-03
2.0000000000e-01 1.5000000000e-01 1.3776778843e-03
2.5000000000e-01 1.5000000000e-01 1.2922754864e-03
3.0000000000e-01 1.5000000000e-01 1.2081081470e-03
3.5000000000e-01 1.5000000000e-01 1.1250769428e-03
4.0000000000e-01 1.5000000000e-01 1.0428159399e-03
4.5000000000e-01 1.5000000000e-01 9.6100148505e-04
5.0000000000e-01 1.5000000000e-01 8.7919411896e-04
5.5000000000e-01 1.5000000000e-01 7.9706912019e-04
6.0000000000e-01 1.5000000000e-01 7.1422956150e-04
6.5000000000e-01 1.5000000000e-01 6.3038793394e-04
7.0000000000e-01 1.5000000000e-01 5.4520770434e-04
7.5000000000e-01 1.5000000000e-01 4.5846189634e-04
8.0000000000e-01 1.5000000000e-01 3.6996539786e-04
8.5000000000e-01 1.5000000000e-01 2.7968521087e-04
9.0000000000e-01 1.5000000000e-01 1.8767830561e-04
9.5000000000e-01 1.5000000000e-01 9.4259448044e-05
-9.5000000000e-01 1.0000000000e-01 2.3711195705e-02
-9.0000000000e-01 1.0000000000e-01 4.4967035817e-02
-8.5000000000e-01 1.0000000000e-01 6.3810090915e-02
-8.0000000000e-01 1.0000000000e-01 8.0279714979e-02
-7.5000000000e-01 1.0000000000e-01 9.4409131327e-02
-7.0000000000e-01 1.0000000000e-01 1.0622602387e-01
-6.5000000000e-01 1.0000000000e-01 1.1575109146e-01
-6.0000000000e-01 1.0000000000e-01 1.2299203386e-01
-5.5000000000e-01 1.0000000000e-01 1.2794249761e-01
-5.0000000000e-01 1.0000000000e-01 1.3058084360e-01
-4.5000000000e-01 1.0000000000e-01 1.3086513219e-01
-4.0000000000e-01 1.0000000000e-01 1.2872999093e-01
-3.5000000000e-01 1.0000000000e-01 1.2407921588e-01
-3.0000000000e-01 1.0000000000e-01 1.1677577935e-01
-2.5000000000e-01 1.0000000000e-01 1.0662730772e-01
-2.0000000000e-01 1.0000000000e-01 9.3368676005e-02
-1.5000000000e-01 1.0000000000e-01 7.6640989797e-02
-1.0000000000e-01 1.0000000000e-01 5.5999597597e-02
-5.0000000000e-02 1.0000000000e-01 3.1031061437e-02
5.5511151231e-17 1.0000000000e-01 1.8332661288e-03
5.0000000000e-02 1.0000000000e-01 1.7444296662e-03
1.0000000000e-01 1.0000000000e-01 1.6475130449e-03
1.5000000000e-01 1.0000000000e-01 1.5506026742e-03
2.0000000000e-01 1.0000000000e-01 1.4562552285e-03
2.5000000000e-01 1.0000000000e-01 1.3647268130e-03
3.0000000000e-01 1.0000000000e-01 1.2756677225e-03
3.5000000000e-01 1.0000000000e-01 1.1884172082e-03
4.0000000000e-01 1.0000000000e-01 1.1024216051e-03
4.5000000000e-01 1.0000000000e-01 1.0170350964e-03
5.0000000000e-01 1.0000000000e-01 9.3177504090e-04
5.5000000000e-01 1.0000000000e-01 8.4610344679e-04
6.0000000000e-01 1.0000000000e-01 7.5960654503e-04
6.5000000000e-01 1.0000000000e-01 6.7183453651e-04
7.0000000000e-01 1.0000000000e-01 5.8242112742e-04
7.5000000000e-01 1.0000000000e-01 4.9099333815e-04
8.0000000000e-01 1.0000000000e-01 3.9732096746e-04
8.5000000000e-01 1.0000000000e-01 3.0121938703e-04
9.0000000000e-01 1.0000000000e-01 2.0270946748e-04
9.5000000000e-01 1.0000000000e-01 1.0205405459e-04
-9.5000000000e-01 5.0000000000e-02 2.3937578337e-02
-9.0000000000e-01 5.0000000000e-02 4.5421401316e-02
-8.5000000000e-01 5.0000000000e-02 6.4496251606e-02
-8.0000000000e-01 5.0000000000e-02 8.1202811005e-02
-7.5000000000e-01 5.0000000000e-02 9.5577913764e-02
-7.0000000000e-01 5.0000000000e-02 1.0765205314e-01
-6.5000000000e-01 5.0000000000e-02 1.1744833503e-01
-6.0000000000e-01 5.0000000000e-02 1.2497805721e-01
-5.5000000000e-01 5.0000000000e-02 1.3023969337e-01
-5.0000000000e-01 5.0000000000e-02 1.3321737489e-01
-4.5000000000e-01 5.0000000000e-02 1.3387403227e-01
-4.0000000000e-01 5.0000000000e-02 1.3215053917e-01
-3.5000000000e-01 5.0000000000e-02 1.2795401069e-01
-3.0000000000e-01 5.0000000000e-02 1.2114537217e-01
-2.5000000000e-01 5.0000000000e-02 1.1152021744e-01
-2.0000000000e-01 5.0000000000e-02 9.8763884326e-02
-1.5000000000e-01 5.0000000000e-02 8.2384098726e-02
-1.0000000000e-01 5.0000000000e-02 6.1590368046e-02
-5.0000000000e-02 5.0000000000e-02 3.5171561186e-02
5.5511151231e-17 5.0000000000e-02 1.9805141599e-03
5.0000000000e-02 5.0000000000e-02 1.8624652723e-03
1.0000000000e-01 5.0000000000e-02 1.7444296662e-03
1.5000000000e-01 5.0000000000e-02 1.6346127653e-03
2.0000000000e-01 5.0000000000e-02 1.5320040764e-03
2.5000000000e-01 5.0000000000e-02 1.4347984537e-03
3.0000000000e-01 5.0000000000e-02 1.3413781462e-03
3.5000000000e-01 5.0000000000e-02 1.2505727143e-03
4.0000000000e-01 5.0000000000e-02 1.1613637384e-03
4.5000000000e-01 5.0000000000e-02 1.0729960339e-03
5.0000000000e-01 5.0000000000e-02 9.8473059564e-04
5.5000000000e-01 5.0000000000e-02 8.9601254253e-04
6.0000000000e-01 5.0000000000e-02 8.0624316621e-04
6.5000000000e-01 5.0000000000e-02 7.1494933344e-04
7.0000000000e-01 5.0000000000e-02 6.2160583159e-04
7.5000000000e-01 5.0000000000e-02 5.2578750041e-04
8.0000000000e-01 5.0000000000e-02 4.2707434395e-04
8.5000000000e-01 5.0000000000e-02 3.2517637509e-04
9.0000000000e-01 5.0000000000e-02 2.1987018720e-04
9.5000000000e-01 5.0000000000e-02 1.1123958619e-04
-9.5000000000e-01 5.5511151231e-17 2.4118114591e-02
-9.0000000000e-01 5.5511151231e-17 4.5785484532e-02
-8.5000000000e-01 5.5511151231e-17 6.5050056239e-02
-8.0000000000e-01 5.5511151231e-17 8.1957503342e-02
-7.5000000000e-01 5.5511151231e-17 9.6547969845e-02
-7.0000000000e-01 5.5511151231e-17 1.0885729032e-01
-6.5000000000e-01 5.5511151231e-17 1.1891274694e-01
-6.0000000000e-01 5.5511151231e-17 1.2673182298e-01
-5.5000000000e-01 5.5511151231e-17 1.3232138978e-01
-5.0000000000e-01 5.5511151231e-17 1.3567326002e-01
-4.5000000000e-01 5.5511151231e-17 1.3676297261e-01
-4.0000000000e-01 5.5511151231e-17 1.3554372367e-01
-3.5000000000e-01 5.5511151231e-17 1.3193914325e-01
-3.0000000000e-01 5.5511151231e-17 1.2583302738e-01
-2.5000000000e-01 5.5511151231e-17 1.1704398639e-01
-2.0000000000e-01 5.5511151231e-17 1.0528202302e-01
-1.5000000000e-01 5.5511151231e-17 9.0041094230e-02
-1.0000000000e-01 5.5511151231e-17 7.0304921508e-02
-5.0000000000e-02 5.5511151231e-17 4.3583988731e-02
5.5511151231e-17 5.5511151231e-17 2.1916323877e-03
5.0000000000e-02 5.5511151231e-17 1.9805141599e-03
1.0000000000e-01 5.5511151231e-17 1.8332661288e-03
1.5000000000e-01 5.5511151231e-17 1.7114098741e-03
2.0000000000e-01 5.5511151231e-17 1.6024479910e-03
2.5000000000e-01 5.5511151231e-17 1.5010614973e-03
3.0000000000e-01 5.5511151231e-17 1.4045411390e-03
3.5000000000e-01 5.5511151231e-17 1.3110928263e-03
4.0000000000e-01 5.5511151231e-17 1.2195207936e-03
4.5000000000e-01 5.5511151231e-17 1.1288067393e-03
5.0000000000e-01 5.5511151231e-17 1.0381982196e-03
5.5000000000e-01 5.5511151231e-17 9.4694402645e-04
6.0000000000e-01 5.5511151231e-17 8.5445767139e-04
6.5000000000e-01 5.5511151231e-17 7.6008721388e-04
7.0000000000e-01 5.5511151231e-17 6.6328241804e-04
7.5000000000e-01 5.5511151231e-17 5.6343527584e-04
8.0000000000e-01 5.5511151231e-17 4.6003096396e-04
8.5000000000e-01 5.5511151231e-17 3.5251120193e-04
9.0000000000e-01 5.5511151231e-17 2.4036129089e-04
9.5000000000e-01 5.5511151231e-17 1.2303517081e-04
-9.5000000000e-01 -5.0000000000e-02 2.4249063613e-02
-9.0000000000e-01 -5.0000000000e-02 4.6051934546e-02
-8.5000000000e-01 -5.0000000000e-02 6.5461952665e-02
-8.0000000000e-01 -5.0000000000e-02 8.2529708589e-02
-7.5000000000e-01 -5.0000000000e-02 9.7301535643e-02
-7.0000000000e-01 -5.0000000000e-02 1.0981895135e-01
-6.5000000000e-01 -5.0000000000e-02 1.2011511223e-01
-6.0000000000e-01 -5.0000000000e-02 1.2821701233e-01
-5.5000000000e-01 -5.0000000000e-02 1.3414078623e-01
-5.0000000000e-01 -5.0000000000e-02 1.3789104540e-01
-4.5000000000e-01 -5.0000000000e-02 1.3946004761e-01
-4.0000000000e-01 -5.0000000000e-02 1.3882090458e-01
-3.5000000000e-01 -5.0000000000e-02 1.3592668305e-01
-3.0000000000e-01 -5.0000000000e-02 1.3070411505e-01
-2.5000000000e-01 -5.0000000000e-02 1.2304279805e-01
-2.0000000000e-01 -5.0000000000e-02 1.1278116906e-01
-1.5000000000e-01 -5.0000000000e-02 9.9692800242e-02
-1.0000000000e-01 -5.0000000000e-02 8.3503951955e-02
-5.0000000000e-02 -5.0000000000e-02 6.4169130884e-02
5.5511151231e-17 -5.0000000000e-02 4.3583988731e-02
5.0000000000e-02 -5.0000000000e-02 3.5171561186e-02
1.0000000000e-01 -5.0000000000e-02 3.1031061437e-02
1.5000000000e-01 -5.0000000000e-02 2.8621380105e-02
2.0000000000e-01 -5.0000000000e-02 2.7008129753e-02
2.5000000000e-01 -5.0000000000e-02 2.5796827821e-02
3.0000000000e-01 -5.0000000000e-02 2.4796297264e-02
3.5000000000e-01 -5.0000000000e-02 2.3902233057e-02
4.0000000000e-01 -5.0000000000e-02 2.3049746336e-02
4.5000000000e-01 -5.0000000000e-02 2.2193354635e-02
5.0000000000e-01 -5.0000000000e-02 2.1297589208e-02
5.5000000000e-01 -5.0000000000e-02 2.0331448652e-02
6.0000000000e-01 -5.0000000000e-02 1.9263215475e-02
6.5000000000e-01 -5.0000000000e-02 1.8060714510e-02
7.0000000000e-01 -5.0000000000e-02 1.6684680276e-02
7.5000000000e-01 -5.0000000000e-02 1.5088858142e-02
8.0000000000e-01 -5.0000000000e-02 1.3212812869e-02
8.5000000000e-01 -5.0000000000e-02 1.0968943258e-02
9.0000000000e-01 -5.0000000000e-02 8.2234512789e-03
9.5000000000e-01 -5.0000000000e-02 4.7342510777e-03
-9.5000000000e-01 -1.0000000000e-01 2.4325339111e-02
-9.0000000000e-01 -1.0000000000e-01 4.6211176275e-02
-8.5000000000e-01 -1.0000000000e-01 6.5716921694e-02
-8.0000000000e-01 -1.0000000000e-01 8.2898833652e-02
-7.5000000000e-01 -1.0000000000e-01 9.7811086417e-02
-7.0000000000e-01 -1.0000000000e-01 1.1050105026e-01
-6.5000000000e-01 -1.0000000000e-01 1.2101226828e-01
-6.0000000000e-01 -1.0000000000e-01 1.2938014386e-01
-5.5000000000e-01 -1.0000000000e-01 1.3563252939e-01
-5.0000000000e-01 -1.0000000000e-01 1.3979066303e-01
-4.5000000000e-01 -1.0000000000e-01 1.4186367937e-01
-4.0000000000e-01 -1.0000000000e-01 1.4185105859e-01
-3.5000000000e-01 -1.0000000000e-01 1.3974119196e-01
-3.0000000000e-01 -1.0000000000e-01 1.3551329689e-01
-2.5000000000e-01 -1.0000000000e-01 1.2914173903e-01
-2.0000000000e-01 -1.0000000000e-01 1.2060890416e-01
-1.5000000000e-01 -1.0000000000e-01 1.0994568841e-01
-1.0000000000e-01 -1.0000000000e-01 9.7349704649e-02
-5.0000000000e-02 -1.0000000000e-01 8.3503951955e-02
5.5511151231e-17 -1.0000000000e-01 7.0304921508e-02
5.0000000000e-02 -1.0000000000e-01 6.1590368046e-02
1.0000000000e-01 -1.0000000000e-01 5.5999597597e-02
1.5000000000e-01 -1.0000000000e-01 5.2235844261e-02
2.0000000000e-01 -1.0000000000e-01 4.9512427091e-02
2.5000000000e-01 -1.0000000000e-01 4.7381216370e-02
3.0000000000e-01 -1.0000000000e-01 4.5581304603e-02
3.5000000000e-01 -1.0000000000e-01 4.3951340964e-02
4.0000000000e-01 -1.0000000000e-01 4.2383060395e-02
4.5000000000e-01 -1.0000000000e-01 4.0796995340e-02
5.0000000000e-01 -1.0000000000e-01 3.9127711321e-02
5.5000000000e-01 -1.0000000000e-01 3.7317548293e-02
6.0000000000e-01 -1.0000000000e-01 3.5307287665e-02
6.5000000000e-01 -1.0000000000e-01 3.3033959038e-02
7.0000000000e-01 -1.0000000000e-01 3.0425566855e-02
7.5000000000e-01 -1.0000000000e-01 2.7395006674e-02
8.0000000000e-01 -1.0000000000e-01 2.3832383347e-02
8.5000000000e-01 -1.0000000000e-01 1.9588593141e-02
9.0000000000e-01 -1.0000000000e-01 1.4448827426e-02
9.5000000000e-01 -1.0000000000e-01 8.0892453233e-03
-9.5000000000e-01 -1.5000000000e-01 2.4341725017e-02
-9.0000000000e-01 -1.5000000000e-01 4.6251189641e-02
-8.5000000000e-01 -1.5000000000e-01 6.5795500324e-02
-8.0000000000e-01 -1.5000000000e-01 8.3039109996e-02
-7.5000000000e-01 -1.5000000000e-01 9.8042122855e-02
-7.0000000000e-01 -1.5000000000e-01 1.1086257206e-01
-6.5000000000e-01 -1.5000000000e-01 1.2155263072e-01
-6.0000000000e-01 -1.5000000000e-01 1.3015817875e-01
-5.5000000000e-01 -1.5000000000e-01 1.3672060413e-01
-5.0000000000e-01 -1.5000000000e-01 1.4127597381e-01
-4.5000000000e-01 -1.5000000000e-01 1.4385305955e-01
-4.0000000000e-01 -1.5000000000e-01 1.4447763476e-01
-3.5000000000e-01 -1.5000000000e-01 1.4317210627e-01
-3.0000000000e-01 -1.5000000000e-01 1.3996537493e-01
-2.5000000000e-01 -1.5000000000e-01 1.3490211255e-01
-2.0000000000e-01 -1.5000000000e-01 1.2806698938e-01
-1.5000000000e-01 -1.5000000000e-01 1.1963119251e-01
-1.0000000000e-01 -1.5000000000e-01 1.0994568841e-01
-5.0000000000e-02 -1.5000000000e-01 9.9692800242e-02
5.5511151231e-17 -1.5000000000e-01 9.0041094230e-02
5.0000000000e-02 -1.5000000000e-01 8.2384098726e-02
1.0000000000e-01 -1.5000000000e-01 7.6640989797e-02
1.5000000000e-01 -1.5000000000e-01 7.2310666688e-02
2.0000000000e-01 -1.5000000000e-01 6.8923926814e-02
2.5000000000e-01 -1.5000000000e-01 6.6133543343e-02
3.0000000000e-01 -1.5000000000e-01 6.3695669176e-02
3.5000000000e-01 -1.5000000000e-01 6.1437884463e-02
4.0000000000e-01 -1.5000000000e-01 5.9234314385e-02
4.5000000000e-01 -1.5000000000e-01 5.6983352049e-02
5.0000000000e-01 -1.5000000000e-01 5.4599969461e-02
5.5000000000e-01 -1.5000000000e-01 5.2003708177e-02
6.0000000000e-01 -1.5000000000e-01 4.9113687459e-02
6.5000000000e-01 -1.5000000000e-01 4.5841544715e-02
7.0000000000e-01 -1.5000000000e-01 4.2087680539e-02
7.5000000000e-01 -1.5000000000e-01 3.7734070165e-02
8.0000000000e-01 -1.5000000000e-01 3.2634598210e-02
8.5000000000e-01 -1.5000000000e-01 2.6604073471e-02
9.0000000000e-01 -1.5000000000e-01 1.9394164498e-02
9.5000000000e-01 -1.5000000000e-01 1.0674061923e-02
-9.5000000000e-01 -2.0000000000e-01 2.4290629295e-02
-9.0000000000e-01 -2.0000000000e-01 4.6157697236e-02
-8.5000000000e-01 -2.0000000000e-01 6.5676723273e-02
-8.0000000000e-01 -2.0000000000e-01 8.2918897931e-02
-7.5000000000e-01 -2.0000000000e-01 9.7955949813e-02
-7.0000000000e-01 -2.0000000000e-01 1.1085508415e-01
-6.5000000000e-01 -2.0000000000e-01 1.2167653080e-01
-6.0000000000e-01 -2.0000000000e-01 1.3047884951e-01
-5.5000000000e-01 -2.0000000000e-01 1.3731613047e-01
-5.0000000000e-01 -2.0000000000e-01 1.4223833224e-01
-4.5000000000e-01 -2.0000000000e-01 1.4529462799e-01
-4.0000000000e-01 -2.0000000000e-01 1.4653221496e-01
-3.5000000000e-01 -2.0000000000e-01 1.4600327863e-01
-3.0000000000e-01 -2.0000000000e-01 1.4377359480e-01
-2.5000000000e-01 -2.0000000000e-01 1.3993461938e-01
-2.0000000000e-01 -2.0000000000e-01 1.3462558651e-01
-1.5000000000e-01 -2.0000000000e-01 1.2806698938e-01
-1.0000000000e-01 -2.0000000000e-01 1.2060890416e-01
-5.0000000000e-02 -2.0000000000e-01 1.1278116906e-01
5.5511151231e-17 -2.0000000000e-01 1.0528202302e-01
5.0000000000e-02 -2.0000000000e-01 9.8763884326e-02
1.0000000000e-01 -2.0000000000e-01 9.3368676005e-02
1.5000000000e-01 -2.0000000000e-01 8.8941470964e-02
2.0000000000e-01 -2.0000000000e-01 8.5240653532e-02
2.5000000000e-01 -2.0000000000e-01 8.2034590307e-02
3.0000000000e-01 -2.0000000000e-01 7.9130045945e-02
3.5000000000e-01 -2.0000000000e-01 7.6371736525e-02
4.0000000000e-01 -2.0000000000e-01 7.3632287520e-02
4.5000000000e-01 -2.0000000000e-01 7.0802725040e-02
5.0000000000e-01 -2.0000000000e-01 6.7785095433e-02
5.5000000000e-01 -2.0000000000e-01 6.4484714679e-02
6.0000000000e-01 -2.0000000000e-01 6.0801864991e-02
6.5000000000e-01 -2.0000000000e-01 5.6630396316e-02
7.0000000000e-01 -2.0000000000e-01 5.1849464872e-02
7.5000000000e-01 -2.0000000000e-01 4.6317910956e-02
8.0000000000e-01 -2.0000000000e-01 3.9869973133e-02
8.5000000000e-01 -2.0000000000e-01 3.2299257645e-02
9.0000000000e-01 -2.0000000000e-01 2.3351554772e-02
9.5000000000e-01 -2.0000000000e-01 1.2711564847e-02
-9.5000000000e-01 -2.5000000000e-01 2.4163851677e-02
-9.0000000000e-01 -2.5000000000e-01 4.5914078187e-02
-8.5000000000e-01 -2.5000000000e-01 6.5333196023e-02
-8.0000000000e-01 -2.5000000000e-01 8.2505045484e-02
-7.5000000000e-01 -2.5000000000e-01 9.7510246716e-02
-7.0000000000e-01 -2.5000000000e-01 1.1042350669e-01
-6.5000000000e-01 -2.5000000000e-01 1.2131846989e-01
-6.0000000000e-01 -2.5000000000e-01 1.3026382615e-01
-5.5000000000e-01 -2.5000000000e-01 1.3732560050e-01
-5.0000000000e-01 -2.5000000000e-01 1.4256707464e-01
-4.5000000000e-01 -2.5000000000e-01 1.4605368819e-01
-4.0000000000e-01 -2.5000000000e-01 1.4785064058e-01
-3.5000000000e-01 -2.5000000000e-01 1.4803236310e-01
-3.0000000000e-01 -2.5000000000e-01 1.4668943852e-01
-2.5000000000e-01 -2.5000000000e-01 1.4393676709e-01
-2.0000000000e-01 -2.5000000000e-01 1.3993461938e-01
-1.5000000000e-01 -2.5000000000e-01 1.3490211255e-01
-1.0000000000e-01 -2.5000000000e-01 1.2914173903e-01
-5.0000000000e-02 -2.5000000000e-01 1.2304279805e-01
5.5511151231e-17 -2.5000000000e-01 1.1704398639e-01
5.0000000000e-02 -2.5000000000e-01 1.1152021744e-01
1.0000000000e-01 -2.5000000000e-01 1.0662730772e-01
1.5000000000e-01 -2.5000000000e-01 1.0234581166e-01
2.0000000000e-01 -2.5000000000e-01 9.8561273036e-02
2.5000000000e-01 -2.5000000000e-01 9.5132041437e-02
3.0000000000e-01 -2.5000000000e-01 9.1917224470e-02
3.5000000000e-01 -2.5000000000e-01 8.8785051121e-02
4.0000000000e-01 -2.5000000000e-01 8.5618860416e-02
4.5000000000e-01 -2.5000000000e-01 8.2310165308e-02
5.0000000000e-01 -2.5000000000e-01 7.8754472235e-02
5.5000000000e-01 -2.5000000000e-01 7.4847761391e-02
6.0000000000e-01 -2.5000000000e-01 7.0478954186e-02
6.5000000000e-01 -2.5000000000e-01 6.5528072467e-02
7.0000000000e-01 -2.5000000000e-01 5.9859957653e-02
7.5000000000e-01 -2.5000000000e-01 5.3319874064e-02
8.0000000000e-01 -2.5000000000e-01 4.5727961219e-02
8.5000000000e-01 -2.5000000000e-01 3.6872047033e-02
9.0000000000e-01 -2.5000000000e-01 2.6500952532e-02
9.5000000000e-01 -2.5000000000e-01 1.4320842461e-02
-9.5000000000e-01 -3.0000000000e-01 2.3951994428e-02
-9.0000000000e-01 -3.0000000000e-01 4.5499260536e-02
-8.5000000000e-01 -3.0000000000e-01 6.4737079272e-02
-8.0000000000e-01 -3.0000000000e-01 8.1759418861e-02
-7.5000000000e-01 -3.0000000000e-01 9.6654524206e-02
-7.0000000000e-01 -3.0000000000e-01 1.0951033377e-01
-6.5000000000e-01 -3.0000000000e-01 1.2040993356e-01
-6.0000000000e-01 -3.0000000000e-01 1.2943257652e-01
-5.5000000000e-01 -3.0000000000e-01 1.3665514391e-01
-5.0000000000e-01 -3.0000000000e-01 1.4215249430e-01
-4.5000000000e-01 -3.0000000000e-01 1.4600224278e-01
-4.0000000000e-01 -3.0000000000e-01 1.4828385557e-01
-3.5000000000e-01 -3.0000000000e-01 1.4908632491e-01
-3.0000000000e-01 -3.0000000000e-01 1.4851298672e-01
-2.5000000000e-01 -3.0000000000e-01 1.4668943852e-01
-2.0000000000e-01 -3.0000000000e-01 1.4377359480e-01
-1.5000000000e-01 -3.0000000000e-01 1.3996537493e-01
-1.0000000000e-01 -3.0000000000e-01 1.3551329689e-01
-5.0000000000e-02 -3.0000000000e-01 1.3070411505e-01
5.5511151231e-17 -3.0000000000e-01 1.2583302738e-01
5.0000000000e-02 -3.0000000000e-01 1.2114537217e-01
1.0000000000e-01 -3.0000000000e-01 1.1677577935e-01
1.5000000000e-01 -3.0000000000e-01 1.1275156862e-01
2.0000000000e-01 -3.0000000000e-01 1.0902619965e-01
2.5000000000e-01 -3.0000000000e-01 1.0551590335e-01
3.0000000000e-01 -3.0000000000e-01 1.0211963711e-01
3.5000000000e-01 -3.0000000000e-01 9.8731275118e-02
4.0000000000e-01 -3.0000000000e-01 9.5247783861e-02
4.5000000000e-01 -3.0000000000e-01 9.1563924902e-02
5.0000000000e-01 -3.0000000000e-01 8.7575481087e-02
5.5000000000e-01 -3.0000000000e-01 8.3172921904e-02
6.0000000000e-01 -3.0000000000e-01 7.8237783518e-02
6.5000000000e-01 -3.0000000000e-01 7.2642586140e-02
7.0000000000e-01 -3.0000000000e-01 6.6242079187e-02
7.5000000000e-01 -3.0000000000e-01 5.8873211619e-02
8.0000000000e-01 -3.0000000000e-01 5.0350187210e-02
8.5000000000e-01 -3.0000000000e-01 4.0460077307e-02
9.0000000000e-01 -3.0000000000e-01 2.8958147426e-02
9.5000000000e-01 -3.0000000000e-01 1.5571544299e-02
-9.5000000000e-01 -3.5000000000e-01 2.3642252954e-02
-9.0000000000e-01 -3.5000000000e-01 4.4892953322e-02
-8.5000000000e-01 -3.5000000000e-01 6.3856651106e-02
-8.0000000000e-01 -3.5000000000e-01 8.0637503898e-02
-7.5000000000e-01 -3.5000000000e-01 9.5337248186e-02
-7.0000000000e-01 -3.5000000000e-01 1.0805287277e-01
-6.5000000000e-01 -3.5000000000e-01 1.1887792845e-01
-6.0000000000e-01 -3.5000000000e-01 1.2790099157e-01
-5.5000000000e-01 -3.5000000000e-01 1.3520868796e-01
-5.0000000000e-01 -3.5000000000e-01 1.4088556627e-01
-4.5000000000e-01 -3.5000000000e-01 1.4501856924e-01
-4.0000000000e-01 -3.5000000000e-01 1.4769625590e-01
-3.5000000000e-01 -3.5000000000e-01 1.4901617335e-01
-3.0000000000e-01 -3.5000000000e-01 1.4908632491e-01
-2.5000000000e-01 -3.5000000000e-01 1.4803236310e-01
-2.0000000000e-01 -3.5000000000e-01 1.4600327863e-01
-1.5000000000e-01 -3.5000000000e-01 1.4317210627e-01
-1.0000000000e-01 -3.5000000000e-01 1.3974119196e-01
-5.0000000000e-02 -3.5000000000e-01 1.3592668305e-01
5.5511151231e-17 -3.5000000000e-01 1.3193914325e-01
5.0000000000e-02 -3.5000000000e-01 1.2795401069e-01
1.0000000000e-01 -3.5000000000e-01 1.2407921588e-01
1.5000000000e-01 -3.5000000000e-01 1.2035860235e-01
2.0000000000e-01 -3.5000000000e-01 1.1677723123e-01
2.5000000000e-01 -3.5000000000e-01 1.1328608802e-01
3.0000000000e-01 -3.5000000000e-01 1.0981360603e-01
3.5000000000e-01 -3.5000000000e-01 1.0627363753e-01
4.0000000000e-01 -3.5000000000e-01 1.0257612187e-01
4.5000000000e-01 -3.5000000000e-01 9.8622899789e-02
5.0000000000e-01 -3.5000000000e-01 9.4311084752e-02
5.5000000000e-01 -3.5000000000e-01 8.9529530964e-02
6.0000000000e-01 -3.5000000000e-01 8.4157778715e-02
6.5000000000e-01 -3.5000000000e-01 7.8060985722e-02
7.0000000000e-01 -3.5000000000e-01 7.1091689545e-02
7.5000000000e-01 -3.5000000000e-01 6.3080414321e-02
8.0000000000e-01 -3.5000000000e-01 5.3840102094e-02
8.5000000000e-01 -3.5000000000e-01 4.3159501392e-02
9.0000000000e-01 -3.5000000000e-01 3.0801104220e-02
9.5000000000e-01 -3.5000000000e-01 1.6506263977e-02
-9.5000000000e-01 -4.0000000000e-01 2.3225275581e-02
-9.0000000000e-01 -4.0000000000e-01 4.4071519338e-02
-8.5000000000e-01 -4.0000000000e-01 6.2656799825e-02
-8.0000000000e-01 -4.0000000000e-01 7.9096564374e-02
-7.5000000000e-01 -4.0000000000e-01 9.3504010679e-02
-7.0000000000e-01 -4.0000000000e-01 1.0598691159e-01
-6.5000000000e-01 -4.0000000000e-01 1.1664779286e-01
-6.0000000000e-01 -4.0000000000e-01 1.2558558727e-01
-5.5000000000e-01 -4.0000000000e-01 1.3289416973e-01
-5.0000000000e-01 -4.0000000000e-01 1.3866510302e-01
-4.5000000000e-01 -4.0000000000e-01 1.4299176873e-01
-4.0000000000e-01 -4.0000000000e-01 1.4596878210e-01
-3.5000000000e-01 -4.0000000000e-01 1.4769625590e-01
-3.0000000000e-01 -4.0000000000e-01 1.4828385557e-01
-2.5000000000e-01 -4.0000000000e-01 1.4785064058e-01
-2.0000000000e-01 -4.0000000000e-01 1.4653221496e-01
-1.5000000000e-01 -4.0000000000e-01 1.4447763476e-01
-1.0000000000e-01 -4.0000000000e-01 1.4185105859e-01
-5.0000000000e-02 -4.0000000000e-01 1.3882090458e-01
5.5511151231e-17 -4.0000000000e-01 1.3554372367e-01
5.0000000000e-02 -4.0000000000e-01 1.3215053917e-01
1.0000000000e-01 -4.0000000000e-01 1.2872999093e-01
1.5000000000e-01 -4.0000000000e-01 1.2532560014e-01
2.0000000000e-01 -4.0000000000e-01 1.2193834336e-01
2.5000000000e-01 -4.0000000000e-01 1.1853854351e-01
3.0000000000e-01 -4.0000000000e-01 1.1507378328e-01
3.5000000000e-01 -4.0000000000e-01 1.1147407346e-01
4.0000000000e-01 -4.0000000000e-01 1.0766018379e-01
4.5000000000e-01 -4.0000000000e-01 1.0354046446e-01
5.0000000000e-01 -4.0000000000e-01 9.9016033252e-02
5.5000000000e-01 -4.0000000000e-01 9.3976980577e-02
6.0000000000e-01 -4.0000000000e-01 8.8300646023e-02
6.5000000000e-01 -4.0000000000e-01 8.1852574176e-02
7.0000000000e-01 -4.0000000000e-01 7.4481428091e-02
7.5000000000e-01 -4.0000000000e-01 6.6017050922e-02
8.0000000000e-01 -4.0000000000e-01 5.6271668045e-02
8.5000000000e-01 -4.0000000000e-01 4.5036173024e-02
9.0000000000e-01 -4.0000000000e-01 3.2079372305e-02
9.5000000000e-01 -4.0000000000e-01 1.7154461634e-02
-9.5000000000e-01 -4.5000000000e-01 2.2687018994e-02
-9.0000000000e-01 -4.5000000000e-01 4.3009309395e-02
-8.5000000000e-01 -4.5000000000e-01 6.1099994927e-02
-8.0000000000e-01 -4.5000000000e-01 7.7086557234e-02
-7.5000000000e-01 -4.5000000000e-01 9.1094691411e-02
-7.0000000000e-01 -4.5000000000e-01 1.0324281769e-01
-6.5000000000e-01 -4.5000000000e-01 1.1364232086e-01
-6.0000000000e-01 -4.5000000000e-01 1.2240031627e-01
-5.5000000000e-01 -4.5000000000e-01 1.2961663043e-01
-5.0000000000e-01 -4.5000000000e-01 1.3538910814e-01
-4.5000000000e-01 -4.5000000000e-01 1.3981506940e-01
-4.0000000000e-01 -4.5000000000e-01 1.4299176873e-01
-3.5000000000e-01 -4.5000000000e-01 1.4501856924e-01
-3.0000000000e-01 -4.5000000000e-01 1.4600224278e-01
-2.5000000000e-01 -4.5000000000e-01 1.4605368819e-01
-2.0000000000e-01 -4.5000000000e-01 1.4529462799e-01
-1.5000000000e-01 -4.5000000000e-01 1.4385305955e-01
-1.0000000000e-01 -4.5000000000e-01 1.4186367937e-01
-5.0000000000e-02 -4.5000000000e-01 1.3946004761e-01
5.5511151231e-17 -4.5000000000e-01 1.3676297261e-01
5.0000000000e-02 -4.5000000000e-01 1.3387403227e-01
1.0000000000e-01 -4.5000000000e-01 1.3086513219e-01
1.5000000000e-01 -4.5000000000e-01 1.2777536423e-01
2.0000000000e-01 -4.5000000000e-01 1.2461236066e-01
2.5000000000e-01 -4.5000000000e-01 1.2135682770e-01
3.0000000000e-01 -4.5000000000e-01 1.1796906516e-01
3.5000000000e-01 -4.5000000000e-01 1.1439010285e-01
4.0000000000e-01 -4.5000000000e-01 1.1054932843e-01
4.5000000000e-01 -4.5000000000e-01 1.0636304298e-01
5.0000000000e-01 -4.5000000000e-01 1.0173577882e-01
5.5000000000e-01 -4.5000000000e-01 9.6560460327e-02
6.0000000000e-01 -4.5000000000e-01 9.0716140961e-02
6.5000000000e-01 -4.5000000000e-01 8.4067686438e-02
7.0000000000e-01 -4.5000000000e-01 7.6463891320e-02
7.5000000000e-01 -4.5000000000e-01 6.7734825323e-02
8.0000000000e-01 -4.5000000000e-01 5.7693295040e-02
8.5000000000e-01 -4.5000000000e-01 4.6133255995e-02
9.0000000000e-01 -4.5000000000e-01 3.2826412295e-02
9.5000000000e-01 -4.5000000000e-01 1.7532839941e-02
-9.5000000000e-01 -5.0000000000e-01 2.2012590858e-02
-9.0000000000e-01 -5.0000000000e-01 4.1678949230e-02
-8.5000000000e-01 -5.0000000000e-01 5.9145628808e-02
-8.0000000000e-01 -5.0000000000e-01 7.4554454686e-02
-7.5000000000e-01 -5.0000000000e-01 8.8045513538e-02
-7.0000000000e-01 -5.0000000000e-01 9.9747146728e-02
-6.5000000000e-01 -5.0000000000e-01 1.0977948187e-01
-6.0000000000e-01 -5.0000000000e-01 1.1825626705e-01
-5.5000000000e-01 -5.0000000000e-01 1.2528297221e-01
-5.0000000000e-01 -5.0000000000e-01 1.3096012395e-01
-4.5000000000e-01 -5.0000000000e-01 1.3538910814e-01
-4.0000000000e-01 -5.0000000000e-01 1.3866510302e-01
-3.5000000000e-01 -5.0000000000e-01 1.4088556627e-01
-3.0000000000e-01 -5.0000000000e-01 1.4215249430e-01
-2.5000000000e-01 -5.0000000000e-01 1.4256707464e-01
-2.0000000000e-01 -5.0000000000e-01 1.4223833224e-01
-1.5000000000e-01 -5.0000000000e-01 1.4127597381e-01
-1.0000000000e-01 -5.0000000000e-01 1.3979066303e-01
-5.0000000000e-02 -5.0000000000e-01 1.3789104540e-01
5.5511151231e-17 -5.0000000000e-01 1.3567326002e-01
5.0000000000e-02 -5.0000000000e-01 1.3321737489e-01
1.0000000000e-01 -5.0000000000e-01 1.3058084360e-01
1.5000000000e-01 -5.0000000000e-01 1.2779826092e-01
2.0000000000e-01 -5.0000000000e-01 1.2487893359e-01
2.5000000000e-01 -5.0000000000e-01 1.2180817362e-01
3.0000000000e-01 -5.0000000000e-01 1.1855523337e-01
3.5000000000e-01 -5.0000000000e-01 1.1506819796e-01
4.0000000000e-01 -5.0000000000e-01 1.1128515764e-01
4.5000000000e-01 -5.0000000000e-01 1.0712723720e-01
5.0000000000e-01 -5.0000000000e-01 1.0250467620e-01
5.5000000000e-01 -5.0000000000e-01 9.7313808721e-02
6.0000000000e-01 -5.0000000000e-01 9.1436070071e-02
6.5000000000e-01 -5.0000000000e-01 8.4738488248e-02
7.0000000000e-01 -5.0000000000e-01 7.7071297126e-02
7.5000000000e-01 -5.0000000000e-01 6.8265402963e-02
8.0000000000e-01 -5.0000000000e-01 5.8135667946e-02
8.5000000000e-01 -5.0000000000e-01 4.6475752199e-02
9.0000000000e-01 -5.0000000000e-01 3.3060379970e-02
9.5000000000e-01 -5.0000000000e-01 1.7651103574e-02
-9.5000000000e-01 -5.5000000000e-01 2.1187877637e-02
-9.0000000000e-01 -5.5000000000e-01 4.0047393925e-02
-8.5000000000e-01 -5.5000000000e-01 5.6745648362e-02
-8.0000000000e-01 -5.5000000000e-01 7.1441637241e-02
-7.5000000000e-01 -5.5000000000e-01 8.4286683001e-02
-7.0000000000e-01 -5.5000000000e-01 9.5421369969e-02
-6.5000000000e-01 -5.5000000000e-01 1.0497336298e-01
-6.0000000000e-01 -5.5000000000e-01 1.1306261054e-01
-5.5000000000e-01 -5.5000000000e-01 1.1979776635e-01
-5.0000000000e-01 -5.5000000000e-01 1.2528297221e-01
-4.5000000000e-01 -5.5000000000e-01 1.2961663043e-01
-4.0000000000e-01 -5.5000000000e-01 1.3289416973e-01
-3.5000000000e-01 -5.5000000000e-01 1.3520868796e-01
-3.0000000000e-01 -5.5000000000e-01 1.3665514391e-01
-2.5000000000e-01 -5.5000000000e-01 1.3732560050e-01
-2.0000000000e-01 -5.5000000000e-01 1.3731613047e-01
-1.5000000000e-01 -5.5000000000e-01 1.3672060413e-01
-1.0000000000e-01 -5.5000000000e-01 1.3563252939e-01
-5.0000000000e-02 -5.5000000000e-01 1.3414078623e-01
5.5511151231e-17 -5.5000000000e-01 1.3232138978e-01
5.0000000000e-02 -5.5000000000e-01 1.3023969337e-01
1.0000000000e-01 -5.5000000000e-01 1.2794249761e-01
1.5000000000e-01 -5.5000000000e-01 1.2545862031e-01
2.0000000000e-01 -5.5000000000e-01 1.2279568737e-01
2.5000000000e-01 -5.5000000000e-01 1.1994325095e-01
3.0000000000e-01 -5.5000000000e-01 1.1687376808e-01
3.5000000000e-01 -5.5000000000e-01 1.1354335504e-01
4.0000000000e-01 -5.5000000000e-01 1.0989415202e-01
4.5000000000e-01 -5.5000000000e-01 1.0585545570e-01
5.0000000000e-01 -5.5000000000e-01 1.0134080868e-01
5.5000000000e-01 -5.5000000000e-01 9.6252194132e-02
6.0000000000e-01 -5.5000000000e-01 9.0474724813e-02
6.5000000000e-01 -5.5000000000e-01 8.3878633715e-02
7.0000000000e-01 -5.5000000000e-01 7.6316145416e-02
7.5000000000e-01 -5.5000000000e-01 6.7621130886e-02
8.0000000000e-01 -5.5000000000e-01 5.7608275084e-02
8.5000000000e-01 -5.5000000000e-01 4.6072164224e-02
9.0000000000e-01 -5.5000000000e-01 3.2787123495e-02
9.5000000000e-01 -5.5000000000e-01 1.7514052239e-02
-9.5000000000e-01 -6.0000000000e-01 2.0190835146e-02
-9.0000000000e-01 -6.0000000000e-01 3.8077431092e-02
-8.5000000000e-01 -6.0000000000e-01 5.3847308674e-02
-8.0000000000e-01 -6.0000000000e-01 6.7679262119e-02
-7.5000000000e-01 -6.0000000000e-01 7.9739348701e-02
-7.0000000000e-01 -6.0000000000e-01 9.0177817885e-02
-6.5000000000e-01 -6.0000000000e-01 9.9130869510e-02
-6.0000000000e-01 -6.0000000000e-01 1.0672146196e-01
-5.5000000000e-01 -6.0000000000e-01 1.1306261054e-01
-5.0000000000e-01 -6.0000000000e-01 1.1825626705e-01
-4.5000000000e-01 -6.0000000000e-01 1.2240031627e-01
-4.0000000000e-01 -6.0000000000e-01 1.2558558727e-01
-3.5000000000e-01 -6.0000000000e-01 1.2790099157e-01
-3.0000000000e-01 -6.0000000000e-01 1.2943257652e-01
-2.5000000000e-01 -6.0000000000e-01 1.3026382615e-01
-2.0000000000e-01 -6.0000000000e-01 1.3047884951e-01
-1.5000000000e-01 -6.0000000000e-01 1.3015817875e-01
-1.0000000000e-01 -6.0000000000e-01 1.2938014386e-01
-5.0000000000e-02 -6.0000000000e-01 1.2821701233e-01
5.5511151231e-17 -6.0000000000e-01 1.2673182298e-01
5.0000000000e-02 -6.0000000000e-01 1.2497805721e-01
1.0000000000e-01 -6.0000000000e-01 1.2299203386e-01
1.5000000000e-01 -6.0000000000e-01 1.2079818468e-01
2.0000000000e-01 -6.0000000000e-01 1.1840249578e-01
2.5000000000e-01 -6.0000000000e-01 1.1579547797e-01
3.0000000000e-01 -6.0000000000e-01 1.1295383543e-01
3.5000000000e-01 -6.0000000000e-01 1.0983649489e-01
4.0000000000e-01 -6.0000000000e-01 1.0639425530e-01
4.5000000000e-01 -6.0000000000e-01 1.0255861454e-01
5.0000000000e-01 -6.0000000000e-01 9.8251637432e-02
5.5000000000e-01 -6.0000000000e-01 9.3379395535e-02
6.0000000000e-01 -6.0000000000e-01 8.7832387445e-02
6.5000000000e-01 -6.0000000000e-01 8.1485190693e-02
7.0000000000e-01 -6.0000000000e-01 7.4194173724e-02
7.5000000000e-01 -6.0000000000e-01 6.5795220424e-02
8.0000000000e-01 -6.0000000000e-01 5.6104855460e-02
8.5000000000e-01 -6.0000000000e-01 4.4916858019e-02
9.0000000000e-01 -6.0000000000e-01 3.2003132851e-02
9.5000000000e-01 -6.0000000000e-01 1.7117057162e-02
-9.5000000000e-01 -6.5000000000e-01 1.8998698240e-02
-9.0000000000e-01 -6.5000000000e-01 3.5722586136e-02
-8.5000000000e-01 -6.5000000000e-01 5.0385969389e-02
-8.0000000000e-01 -6.5000000000e-01 6.3189037591e-02
-7.5000000000e-01 -6.5000000000e-01 7.4313214307e-02
-7.0000000000e-01 -6.5000000000e-01 8.3919830327e-02
-6.5000000000e-01 -6.5000000000e-01 9.2150567925e-02
-6.0000000000e-01 -6.5000000000e-01 9.9130869510e-02
-5.5000000000e-01 -6.5000000000e-01 1.0497336298e-01
-5.0000000000e-01 -6.5000000000e-01 1.0977948187e-01
-4.5000000000e-01 -6.5000000000e-01 1.1364232086e-01
-4.0000000000e-01 -6.5000000000e-01 1.1664779286e-01
-3.5000000000e-01 -6.5000000000e-01 1.1887792845e-01
-3.0000000000e-01 -6.5000000000e-01 1.2040993356e-01
-2.5000000000e-01 -6.5000000000e-01 1.2131846989e-01
-2.0000000000e-01 -6.5000000000e-01 1.2167653080e-01
-1.5000000000e-01 -6.5000000000e-01 1.2155263072e-01
-1.0000000000e-01 -6.5000000000e-01 1.2101226828e-01
-5.0000000000e-02 -6.5000000000e-01 1.2011511223e-01
5.5511151231e-17 -6.5000000000e-01 1.1891274694e-01
5.0000000000e-02 -6.5000000000e-01 1.1744833503e-01
1.0000000000e-01 -6.5000000000e-01 1.1575109146e-01
1.5000000000e-01 -6.5000000000e-01 1.1384077753e-01
2.0000000000e-01 -6.5000000000e-01 1.1172116797e-01
2.5000000000e-01 -6.5000000000e-01 1.0938402736e-01
3.0000000000e-01 -6.5000000000e-01 1.0680727875e-01
3.5000000000e-01 -6.5000000000e-01 1.0395661395e-01
4.0000000000e-01 -6.5000000000e-01 1.0078541225e-01
4.5000000000e-01 -6.5000000000e-01 9.7233382574e-02
5.0000000000e-01 -6.5000000000e-01 9.3227440085e-02
5.5000000000e-01 -6.5000000000e-01 8.8680420841e-02
6.0000000000e-01 -6.5000000000e-01 8.3489606435e-02
6.5000000000e-01 -6.5000000000e-01 7.7535227522e-02
7.0000000000e-01 -6.5000000000e-01 7.0679144886e-02
7.5000000000e-01 -6.5000000000e-01 6.2761563121e-02
8.0000000000e-01 -6.5000000000e-01 5.3600118272e-02
8.5000000000e-01 -6.5000000000e-01 4.2987344892e-02
9.0000000000e-01 -6.5000000000e-01 3.0689902486e-02
9.5000000000e-01 -6.5000000000e-01 1.6452608133e-02
-9.5000000000e-01 -7.0000000000e-01 1.7581968795e-02
-9.0000000000e-01 -7.0000000000e-01 3.2926467345e-02
-8.5000000000e-01 -7.0000000000e-01 4.6283283408e-02
-8.0000000000e-01 -7.0000000000e-01 5.7877597279e-02
-7.5000000000e-01 -7.0000000000e-01 6.7905621096e-02
-7.0000000000e-01 -7.0000000000e-01 7.6537997995e-02
-6.5000000000e-01 -7.0000000000e-01 8.3919830327e-02
-6.0000000000e-01 -7.0000000000e-01 9.0177817885e-02
-5.5000000000e-01 -7.0000000000e-01 9.5421369969e-02
-5.0000000000e-01 -7.0000000000e-01 9.9747146728e-02
-4.5000000000e-01 -7.0000000000e-01 1.0324281769e-01
-4.0000000000e-01 -7.0000000000e-01 1.0598691159e-01
-3.5000000000e-01 -7.0000000000e-01 1.0805287277e-01
-3.0000000000e-01 -7.0000000000e-01 1.0951033377e-01
-2.5000000000e-01 -7.0000000000e-01 1.1042350669e-01
-2.0000000000e-01 -7.0000000000e-01 1.1085508415e-01
-1.5000000000e-01 -7.0000000000e-01 1.1086257206e-01
-1.0000000000e-01 -7.0000000000e-01 1.1050105026e-01
-5.0000000000e-02 -7.0000000000e-01 1.0981895135e-01
5.5511151231e-17 -7.0000000000e-01 1.0885729032e-01
5.0000000000e-02 -7.0000000000e-01 1.0765205314e-01
1.0000000000e-01 -7.0000000000e-01 1.0622602387e-01
1.5000000000e-01 -7.0000000000e-01 1.0459385394e-01
2.0000000000e-01 -7.0000000000e-01 1.0275836786e-01
2.5000000000e-01 -7.0000000000e-01 1.0071210808e-01
3.0000000000e-01 -7.0000000000e-01 9.8435278661e-02
3.5000000000e-01 -7.0000000000e-01 9.5897070225e-02
4.0000000000e-01 -7.0000000000e-01 9.3057597368e-02
4.5000000000e-01 -7.0000000000e-01 8.9861560046e-02
5.0000000000e-01 -7.0000000000e-01 8.6243824659e-02
5.5000000000e-01 -7.0000000000e-01 8.2124830661e-02
6.0000000000e-01 -7.0000000000e-01 7.7409539350e-02
6.5000000000e-01 -7.0000000000e-01 7.1986843447e-02
7.0000000000e-01 -7.0000000000e-01 6.5725635404e-02
7.5000000000e-01 -7.0000000000e-01 5.8471940552e-02
8.0000000000e-01 -7.0000000000e-01 5.0046617666e-02
8.5000000000e-01 -7.0000000000e-01 4.0241315961e-02
9.0000000000e-01 -7.0000000000e-01 2.8816999087e-02
9.5000000000e-01 -7.0000000000e-01 1.5502498493e-02
-9.5000000000e-01 -7.5000000000e-01 1.5900491783e-02
-9.0000000000e-01 -7.5000000000e-01 2.9617931089e-02
-8.5000000000e-01 -7.5000000000e-01 4.1443755385e-02
-8.0000000000e-01 -7.5000000000e-01 5.1630867505e-02
-7.5000000000e-01 -7.5000000000e-01 6.0393494262e-02
-7.0000000000e-01 -7.5000000000e-01 6.7905621096e-02
-6.5000000000e-01 -7.5000000000e-01 7.4313214307e-02
-6.0000000000e-01 -7.5000000000e-01 7.9739348701e-02
-5.5000000000e-01 -7.5000000000e-01 8.4286683001e-02
-5.0000000000e-01 -7.5000000000e-01 8.8045513538e-02
-4.5000000000e-01 -7.5000000000e-01 9.1094691411e-02
-4.0000000000e-01 -7.5000000000e-01 9.3504010679e-02
-3.5000000000e-01 -7.5000000000e-01 9.5337248186e-02
-3.0000000000e-01 -7.5000000000e-01 9.6654524206e-02
-2.5000000000e-01 -7.5000000000e-01 9.7510246716e-02
-2.0000000000e-01 -7.5000000000e-01 9.7955949813e-02
-1.5000000000e-01 -7.5000000000e-01 9.8042122855e-02
-1.0000000000e-01 -7.5000000000e-01 9.7811086417e-02
-5.0000000000e-02 -7.5000000000e-01 9.7301535643e-02
5.5511151231e-17 -7.5000000000e-01 9.6547969845e-02
5.0000000000e-02 -7.5000000000e-01 9.5577913764e-02
1.0000000000e-01 -7.5000000000e-01 9.4409131327e-02
1.5000000000e-01 -7.5000000000e-01 9.3051481548e-02
2.0000000000e-01 -7.5000000000e-01 9.1508381777e-02
2.5000000000e-01 -7.5000000000e-01 8.9771433947e-02
3.0000000000e-01 -7.5000000000e-01 8.7824396071e-02
3.5000000000e-01 -7.5000000000e-01 8.5641201176e-02
4.0000000000e-01 -7.5000000000e-01 8.3185890954e-02
4.5000000000e-01 -7.5000000000e-01 8.0412235264e-02
5.0000000000e-01 -7.5000000000e-01 7.7262039227e-02
5.5000000000e-01 -7.5000000000e-01 7.3665078973e-02
6.0000000000e-01 -7.5000000000e-01 6.9537216317e-02
6.5000000000e-01 -7.5000000000e-01 6.4776848074e-02
7.0000000000e-01 -7.5000000000e-01 5.9263755137e-02
7.5000000000e-01 -7.5000000000e-01 5.2853487616e-02
8.0000000000e-01 -7.5000000000e-01 4.5372785660e-02
8.5000000000e-01 -7.5000000000e-01 3.6615230202e-02
9.0000000000e-01 -7.5000000000e-01 2.6333823789e-02
9.5000000000e-01 -7.5000000000e-01 1.4238834870e-02
-9.5000000000e-01 -8.0000000000e-01 1.3902289648e-02
-9.0000000000e-01 -8.0000000000e-01 2.5700747454e-02
-8.5000000000e-01 -8.0000000000e-01 3.5743297752e-02
-8.0000000000e-01 -8.0000000000e-01 4.4311389079e-02
-7.5000000000e-01 -8.0000000000e-01 5.1630867505e-02
-7.0000000000e-01 -8.0000000000e-01 5.7877597279e-02
-6.5000000000e-01 -8.0000000000e-01 6.3189037591e-02
-6.0000000000e-01 -8.0000000000e-01 6.7679262119e-02
-5.5000000000e-01 -8.0000000000e-01 7.1441637241e-02
-5.0000000000e-01 -8.0000000000e-01 7.4554454686e-02
-4.5000000000e-01 -8.0000000000e-01 7.7086557234e-02
-4.0000000000e-01 -8.0000000000e-01 7.9096564374e-02
-3.5000000000e-01 -8.0000000000e-01 8.0637503898e-02
-3.0000000000e-01 -8.0000000000e-01 8.1759418861e-02
-2.5000000000e-01 -8.0000000000e-01 8.2505045484e-02
-2.0000000000e-01 -8.0000000000e-01 8.2918897931e-02
-1.5000000000e-01 -8.0000000000e-01 8.3039109996e-02
-1.0000000000e-01 -8.0000000000e-01 8.2898833652e-02
-5.0000000000e-02 -8.0000000000e-01 8.2529708589e-02
5.5511151231e-17 -8.0000000000e-01 8.1957503342e-02
5.0000000000e-02 -8.0000000000e-01 8.1202811005e-02
1.0000000000e-01 -8.0000000000e-01 8.0279714979e-02
1.5000000000e-01 -8.0000000000e-01 7.9195207699e-02
2.0000000000e-01 -8.0000000000e-01 7.7950938708e-02
2.5000000000e-01 -8.0000000000e-01 7.6539962170e-02
3.0000000000e-01 -8.0000000000e-01 7.4949347807e-02
3.5000000000e-01 -8.0000000000e-01 7.3156591046e-02
4.0000000000e-01 -8.0000000000e-01 7.1132912097e-02
4.5000000000e-01 -8.0000000000e-01 6.8839602186e-02
5.0000000000e-01 -8.0000000000e-01 6.6226949479e-02
5.5000000000e-01 -8.0000000000e-01 6.3237195973e-02
6.0000000000e-01 -8.0000000000e-01 5.9797267834e-02
6.5000000000e-01 -8.0000000000e-01 5.5819995520e-02
7.0000000000e-01 -8.0000000000e-01 5.1199546557e-02
7.5000000000e-01 -8.0000000000e-01 4.5805281682e-02
8.0000000000e-01 -8.0000000000e-01 3.9476306117e-02
8.5000000000e-01 -8.0000000000e-01 3.2012479280e-02
9.0000000000e-01 -8.0000000000e-01 2.3163809042e-02
9.5000000000e-01 -8.0000000000e-01 1.2618794795e-02
-9.5000000000e-01 -8.5000000000e-01 1.1509301648e-02
-9.0000000000e-01 -8.5000000000e-01 2.1041730077e-02
-8.5000000000e-01 -8.5000000000e-01 2.9016699387e-02
-8.0000000000e-01 -8.5000000000e-01 3.5743297752e-02
-7.5000000000e-01 -8.5000000000e-01 4.1443755385e-02
-7.0000000000e-01 -8.5000000000e-01 4.6283283408e-02
-6.5000000000e-01 -8.5000000000e-01 5.0385969389e-02
-6.0000000000e-01 -8.5000000000e-01 5.3847308674e-02
-5.5000000000e-01 -8.5000000000e-01 5.6745648362e-02
-5.0000000000e-01 -8.5000000000e-01 5.9145628808e-02
-4.5000000000e-01 -8.5000000000e-01 6.1099994927e-02
-4.0000000000e-01 -8.5000000000e-01 6.2656799825e-02
-3.5000000000e-01 -8.5000000000e-01 6.3856651106e-02
-3.0000000000e-01 -8.5000000000e-01 6.4737079272e-02
-2.5000000000e-01 -8.5000000000e-01 6.5333196023e-02
-2.0000000000e-01 -8.5000000000e-01 6.5676723273e-02
-1.5000000000e-01 -8.5000000000e-01 6.5795500324e-02
-1.0000000000e-01 -8.5000000000e-01 6.5716921694e-02
-5.0000000000e-02 -8.5000000000e-01 6.5461952665e-02
5.5511151231e-17 -8.5000000000e-01 6.5050056239e-02
5.0000000000e-02 -8.5000000000e-01 6.4496251606e-02
1.0000000000e-01 -8.5000000000e-01 6.3810090915e-02
1.5000000000e-01 -8.5000000000e-01 6.2997109547e-02
2.0000000000e-01 -8.5000000000e-01 6.2058043480e-02
2.5000000000e-01 -8.5000000000e-01 6.0987350768e-02
3.0000000000e-01 -8.5000000000e-01 5.9774247462e-02
3.5000000000e-01 -8.5000000000e-01 5.8402827494e-02
4.0000000000e-01 -8.5000000000e-01 5.6849803292e-02
4.5000000000e-01 -8.5000000000e-01 5.5084777941e-02
5.0000000000e-01 -8.5000000000e-01 5.3070221451e-02
5.5000000000e-01 -8.5000000000e-01 5.0759496712e-02
6.0000000000e-01 -8.5000000000e-01 4.8095449196e-02
6.5000000000e-01 -8.5000000000e-01 4.5007715527e-02
7.0000000000e-01 -8.5000000000e-01 4.1409807314e-02
7.5000000000e-01 -8.5000000000e-01 3.7191898856e-02
8.0000000000e-01 -8.5000000000e-01 3.2214280232e-02
8.5000000000e-01 -8.5000000000e-01 2.6294880370e-02
9.0000000000e-01 -8.5000000000e-01 1.9190624527e-02
9.5000000000e-01 -8.5000000000e-01 1.0572568680e-02
-9.5000000000e-01 -9.0000000000e-01 8.5932259299e-03
-9.0000000000e-01 -9.0000000000e-01 1.5442161218e-02
-8.5000000000e-01 -9.0000000000e-01 2.1041730077e-02
-8.0000000000e-01 -9.0000000000e-01 2.5700747454e-02
-7.5000000000e-01 -9.0000000000e-01 2.9617931089e-02
-7.0000000000e-01 -9.0000000000e-01 3.2926467345e-02
-6.5000000000e-01 -9.0000000000e-01 3.5722586136e-02
-6.0000000000e-01 -9.0000000000e-01 3.8077431092e-02
-5.5000000000e-01 -9.0000000000e-01 4.0047393925e-02
-5.0000000000e-01 -9.0000000000e-01 4.1678949230e-02
-4.5000000000e-01 -9.0000000000e-01 4.3009309395e-02
-4.0000000000e-01 -9.0000000000e-01 4.4071519338e-02
-3.5000000000e-01 -9.0000000000e-01 4.4892953322e-02
-3.0000000000e-01 -9.0000000000e-01 4.5499260536e-02
-2.5000000000e-01 -9.0000000000e-01 4.5914078187e-02
-2.0000000000e-01 -9.0000000000e-01 4.6157697236e-02
-1.5000000000e-01 -9.0000000000e-01 4.6251189641e-02
-1.0000000000e-01 -9.0000000000e-01 4.6211176275e-02
-5.0000000000e-02 -9.0000000000e-01 4.6051934546e-02
5.5511151231e-17 -9.0000000000e-01 4.5785484532e-02
5.0000000000e-02 -9.0000000000e-01 4.5421401316e-02
1.0000000000e-01 -9.0000000000e-01 4.4967035817e-02
1.5000000000e-01 -9.0000000000e-01 4.4425246424e-02
2.0000000000e-01 -9.0000000000e-01 4.3796145065e-02
2.5000000000e-01 -9.0000000000e-01 4.3076574019e-02
3.0000000000e-01 -9.0000000000e-01 4.2258631135e-02
3.5000000000e-01 -9.0000000000e-01 4.1330667132e-02
4.0000000000e-01 -9.0000000000e-01 4.0278404905e-02
4.5000000000e-01 -9.0000000000e-01 3.9080049106e-02
5.0000000000e-01 -9.0000000000e-01 3.7709651363e-02
5.5000000000e-01 -9.0000000000e-01 3.6135995618e-02
6.0000000000e-01 -9.0000000000e-01 3.4317608817e-02
6.5000000000e-01 -9.0000000000e-01 3.2206852825e-02
7.0000000000e-01 -9.0000000000e-01 2.9740331693e-02
7.5000000000e-01 -9.0000000000e-01 2.6838446276e-02
8.0000000000e-01 -9.0000000000e-01 2.3394716410e-02
8.5000000000e-01 -9.0000000000e-01 1.9263031628e-02
9.0000000000e-01 -9.0000000000e-01 1.4232532997e-02
9.5000000000e-01 -9.0000000000e-01 7.9811089228e-03
-9.5000000000e-01 -9.5000000000e-01 4.9221302301e-03
-9.0000000000e-01 -9.5000000000e-01 8.5932259299e-03
-8.5000000000e-01 -9.5000000000e-01 1.1509301648e-02
-8.0000000000e-01 -9.5000000000e-01 1.3902289648e-02
-7.5000000000e-01 -9.5000000000e-01 1.5900491783e-02
-7.0000000000e-01 -9.5000000000e-01 1.7581968795e-02
-6.5000000000e-01 -9.5000000000e-01 1.8998698240e-02
-6.0000000000e-01 -9.5000000000e-01 2.0190835146e-02
-5.5000000000e-01 -9.5000000000e-01 2.1187877637e-02
-5.0000000000e-01 -9.5000000000e-01 2.2012590858e-02
-4.5000000000e-01 -9.5000000000e-01 2.2687018994e-02
-4.0000000000e-01 -9.5000000000e-01 2.3225275581e-02
-3.5000000000e-01 -9.5000000000e-01 2.3642252954e-02
-3.0000000000e-01 -9.5000000000e-01 2.3951994428e-02
-2.5000000000e-01 -9.5000000000e-01 2.4163851677e-02
-2.0000000000e-01 -9.5000000000e-01 2.4290629295e-02
-1.5000000000e-01 -9.5000000000e-01 2.4341725017e-02
-1.0000000000e-01 -9.5000000000e-01 2.4325339111e-02
-5.0000000000e-02 -9.5000000000e-01 2.4249063613e-02
5.5511151231e-17 -9.5000000000e-01 2.4118114591e-02
5.0000000000e-02 -9.5000000000e-01 2.3937578337e-02
1.0000000000e-01 -9.5000000000e-01 2.3711195705e-02
1.5000000000e-01 -9.5000000000e-01 2.3439988366e-02
2.0000000000e-01 -9.5000000000e-01 2.3125202865e-02
2.5000000000e-01 -9.5000000000e-01 2.2763339902e-02
3.0000000000e-01 -9.5000000000e-01 2.2351447734e-02
3.5000000000e-01 -9.5000000000e-01 2.1884006589e-02
4.0000000000e-01 -9.5000000000e-01 2.1352238198e-02
4.5000000000e-01 -9.5000000000e-01 2.0746440030e-02
5.0000000000e-01 -9.5000000000e-01 2.0053196052e-02
5.5000000000e-01 -9.5000000000e-01 1.9255347504e-02
6.0000000000e-01 -9.5000000000e-01 1.8333681419e-02
6.5000000000e-01 -9.5000000000e-01 1.7261699710e-02
7.0000000000e-01 -9.5000000000e-01 1.6007019874e-02
7.5000000000e-01 -9.5000000000e-01 1.4527251996e-02
8.0000000000e-01 -9.5000000000e-01 1.2763256990e-02
8.5000000000e-01 -9.5000000000e-01 1.0630493388e-02
9.0000000000e-01 -9.5000000000e-01 7.9956302833e-03
9.5000000000e-01 -9.5000000000e-01 4.6194450373e-03
